dog_id,od_max_education
10509,5
74227,10
32487,10
63150,11
33369,8
72814,10
72448,7
98151,8
76173,8
41276,10
82000,8
7580,8
37013,5
59622,9
81907,10
86809,5
85097,10
4851,8
40687,9
94185,5
97071,5
58481,9
90138,5
60866,11
89528,11
86996,8
81878,10
73822,9
4991,8
98084,9
13220,8
3032,8
81638,8
30845,8
40444,3
50472,10
7426,8
44458,9
6380,8
35215,8
55951,11
10736,8
47203,11
26197,8
3854,8
2650,8
47405,9
83131,2
95463,9
85746,9
1485,9
58788,7
45726,5
78733,10
93573,8
101896,9
71108,11
84142,4
3529,10
44789,11
51200,9
68354,7
83240,9
79793,7
70330,8
14311,10
68318,3
88409,5
72028,9
100120,3
5286,9
72889,9
4275,9
101864,10
84091,6
32210,8
96127,8
43176,9
59144,9
66307,8
78602,11
73375,9
50916,9
78065,8
87273,9
34475,6
85745,9
42476,11
63794,5
65420,6
92020,8
94987,11
55871,7
29345,9
90006,8
51348,5
94976,8
51049,8
91012,8
8875,11
97803,8
48626,8
63300,8
10607,8
29044,9
7154,8
89925,10
50115,5
60759,5
56903,8
6441,9
79834,10
77978,8
5240,8
19636,5
45805,8
25333,8
53790,9
28324,8
17268,9
58977,8
15557,7
102685,8
72205,8
60642,9
69116,11
4114,10
97654,5
64678,8
33038,9
72234,10
45597,9
69397,7
98656,8
90391,9
3476,11
20897,7
42137,9
80393,8
91490,9
31125,8
95384,8
60016,3
54244,8
55230,10
42675,9
83352,11
77404,8
42691,8
62801,8
61524,7
64635,8
95151,7
28064,9
66178,9
88379,9
4503,8
40879,8
87947,8
87690,9
92999,9
79804,11
50377,5
76065,9
74929,10
102714,8
16154,9
57419,9
15104,11
233,9
26157,7
92296,9
12864,8
94578,8
102086,7
3105,11
8162,10
1852,11
29644,8
83175,8
6880,8
53040,8
40933,9
85173,9
82464,10
87441,9
7023,8
81717,8
83340,10
21602,8
16001,8
11166,8
71254,8
79687,9
66,11
30753,11
50326,5
68940,9
76061,8
79383,7
2287,8
92577,10
85835,8
35796,8
14449,9
62250,10
22504,9
13873,8
97737,9
69292,8
41882,5
25921,8
60399,7
81851,9
22556,11
63330,5
87835,8
91022,8
38188,6
32899,8
95758,10
24386,7
65585,9
37601,9
1531,8
97119,8
70850,8
70615,9
18319,9
32081,6
63041,5
35690,8
100332,9
70566,9
83685,11
66289,9
94125,9
29926,8
95442,11
84317,9
83508,9
97331,9
37560,9
53322,9
10880,9
43099,9
11183,9
44979,8
79281,9
34068,11
11753,10
94428,11
79976,10
54801,8
88699,9
22116,8
36702,8
27099,8
54740,8
52593,7
54403,8
23467,10
18270,9
89716,5
1540,9
11481,11
80155,8
92893,8
41347,8
17431,8
82948,8
81817,11
94806,11
5137,9
40629,8
87598,8
14769,9
9075,9
87509,8
15440,8
43971,9
100321,8
62046,11
93243,8
15649,8
93934,10
1195,8
82711,7
7781,9
40593,8
52897,10
33623,9
68759,8
20089,8
94259,9
4828,8
6377,10
38283,5
12,8
94354,5
58548,10
53629,9
84665,9
57461,5
58418,11
45256,8
15094,11
16021,9
71351,11
58016,8
18080,9
66419,8
94080,3
67965,9
30061,9
13208,8
48502,8
30018,6
80531,8
65945,8
87033,9
3204,9
26451,9
36961,8
86771,9
102007,10
48204,10
15604,8
95647,8
938,8
28893,5
91456,9
31862,5
10700,9
81963,8
96001,8
71380,8
4290,8
77764,11
9941,5
14232,10
15533,3
39309,9
77525,9
52471,8
91233,8
90580,9
78226,8
67388,10
73869,8
12726,9
73067,10
37385,11
52445,8
96392,5
54124,9
64834,5
47898,11
88961,3
22629,5
94093,9
93667,8
30906,8
57394,9
63899,8
97112,8
11247,9
1654,9
77117,10
25269,9
42724,5
102584,9
15252,7
19306,8
55691,8
63049,6
99876,5
45006,8
28473,9
3058,11
102257,6
35333,10
46004,5
88130,8
19429,9
55022,8
87785,10
83034,7
60656,10
28297,5
42588,9
71971,7
65399,10
48945,10
313,11
53001,5
36686,7
77429,8
61384,2
29673,9
55283,9
25960,8
64697,8
51650,9
68425,8
40392,8
87448,9
82892,9
57876,8
83383,11
84324,10
66799,8
68927,5
102248,8
66851,5
30141,9
84312,9
23717,4
75850,8
22800,9
76661,7
51136,8
89863,9
6579,9
82549,7
12055,11
83460,8
92678,10
28565,9
83468,8
70153,5
51873,9
80637,8
56912,9
22934,8
11244,9
72244,10
36541,8
89165,8
202,5
89777,8
50979,8
50136,5
91526,5
98737,6
7258,5
78684,8
69452,3
48274,8
51183,10
8479,11
77766,7
17455,3
7906,7
81560,9
44261,11
86754,3
68450,9
91191,8
86917,8
63657,5
83200,6
56263,8
35233,10
40469,9
33611,5
88865,5
28326,8
84837,10
45586,8
63524,11
1674,8
33339,9
78422,9
88063,3
75957,10
1230,9
94086,10
70406,9
98977,9
50744,8
44768,10
24906,8
18599,8
37702,9
46838,8
48882,7
47561,9
68563,8
16060,9
92476,10
78270,9
59745,9
23094,9
18062,8
59310,7
80874,8
14465,9
96168,7
85536,8
51041,9
96451,8
50365,5
73526,8
18979,6
14183,8
27401,7
8965,7
52867,10
85376,9
55080,8
49785,5
438,9
61252,8
10608,8
829,5
84139,9
82574,8
76867,9
67387,8
2346,9
13049,9
56513,8
49326,8
41330,9
90779,9
61323,9
50323,8
59343,8
85350,7
49864,9
36052,5
61010,9
78299,11
97524,7
95390,9
88011,8
13062,7
29534,10
94923,11
72357,9
53900,8
37731,8
59348,8
36936,10
27291,9
30363,7
18632,6
90300,8
78740,9
51654,9
90488,8
66168,8
89422,8
37435,5
97451,5
57641,9
97242,9
9597,5
92843,8
88540,9
100530,10
67462,9
16848,8
11445,9
87428,9
37049,9
87212,9
13473,11
82476,9
4625,5
87176,10
24615,8
83971,11
84514,8
99844,8
95239,9
23613,9
24999,8
28680,9
88311,11
42260,8
36831,9
72592,5
102506,10
100426,9
30763,8
75217,5
74110,11
7463,8
28972,6
51415,9
70568,9
13353,9
57081,8
85954,8
92666,11
51758,9
98819,8
95532,5
61964,5
83410,9
70146,9
37264,8
91594,8
22330,9
48805,9
103199,5
95683,8
58077,8
9280,5
2381,5
15019,5
94953,9
42842,9
87328,9
34009,9
31014,5
32214,5
95231,10
60082,8
89538,9
53277,9
74311,8
5351,8
48556,8
15948,8
11690,7
54550,9
16086,10
79749,7
26537,8
29247,9
89294,9
31913,10
72992,8
34270,8
85513,8
22866,9
13779,10
41923,9
99659,9
3830,10
40472,9
36300,9
35114,5
913,9
51360,8
88861,9
100576,3
19039,9
87693,8
18294,10
93909,8
32696,8
93328,11
68234,9
74236,8
7071,5
99266,3
79234,8
53316,9
100235,10
20241,9
70967,8
67494,8
96715,3
88840,7
82974,9
67773,11
97144,8
71757,11
1934,9
85540,8
79728,7
37924,8
93175,11
29729,9
94103,8
64001,10
83218,7
32864,9
47897,11
26924,9
50149,5
32608,8
72341,8
103643,8
60355,9
57877,6
65921,9
60766,9
11441,8
53495,9
93192,11
76934,8
93545,3
332,8
63683,7
82216,8
42944,8
78552,9
35164,8
76436,8
52686,8
91111,8
13615,9
60227,7
41721,8
92918,9
90007,7
88499,5
90725,8
71288,8
2172,8
83980,7
95593,8
10573,7
90082,9
613,5
46445,5
67331,8
78136,8
32959,8
95378,9
39609,9
21653,10
44855,8
98365,11
86392,9
40360,11
38217,9
78286,9
67276,9
19291,9
56422,7
91235,4
23149,7
93825,9
59111,9
2010,8
12687,9
61024,8
61432,9
75397,8
87435,7
90058,11
98426,9
42896,9
28651,5
41099,9
1033,8
79350,9
32823,8
27014,11
32428,8
91178,8
81207,11
13967,8
6180,5
8811,9
58982,9
78224,9
60109,8
15016,5
62658,9
55971,9
69531,10
88233,9
102013,5
103266,9
74420,8
38284,6
67635,11
47399,8
45670,5
43414,9
76682,8
58784,8
20048,5
86192,8
21997,8
70822,9
82179,8
56462,11
57136,8
37880,8
37466,8
15544,8
62457,8
23176,5
13352,8
31956,8
70067,9
6054,11
12376,5
93453,9
88669,11
96178,9
62496,9
78005,6
89608,6
33554,8
85388,8
95603,6
53971,5
28245,8
37015,5
82490,9
25726,9
85319,8
99822,8
42423,9
75205,8
35793,11
37990,8
86071,8
97280,9
91577,9
487,8
38193,11
90516,5
42366,9
10438,5
85800,9
39742,8
20976,9
77456,10
83282,3
54310,9
15216,8
5475,5
84621,5
76989,9
34992,4
53462,8
53271,5
94829,8
69077,9
78202,8
98920,3
17728,9
56955,9
8328,9
14934,9
52825,9
90261,8
65897,5
62555,8
1285,8
55589,5
47558,5
70359,6
89151,8
62111,5
71359,8
94894,9
51533,10
17048,8
94935,6
88088,9
97453,8
92506,9
74996,9
13830,8
96096,8
86367,9
78384,8
86977,8
77932,8
75046,11
60283,9
58459,5
238,3
61585,9
35607,7
96737,8
84666,8
40243,10
89813,9
79607,9
101519,9
92979,8
2013,8
96056,10
65035,5
68784,9
75198,6
46475,6
18480,9
87072,5
72680,8
25690,7
70512,8
80946,9
89974,9
12485,8
61955,9
43603,9
29636,10
28142,11
36998,6
34072,8
45494,8
96194,9
81583,9
3017,10
30334,9
2628,9
21105,9
9456,8
69957,8
85950,5
61099,8
96151,8
80205,8
90107,8
99570,10
84264,8
37556,10
27080,8
81807,8
81426,9
60350,7
97209,9
22500,8
29870,9
13514,11
95773,9
46665,5
18984,8
89735,5
85701,7
55361,9
63827,9
68018,8
48711,8
34345,9
43729,8
21425,8
71342,9
65599,9
57453,9
5311,9
13529,5
88194,9
13014,10
73272,8
33661,8
57375,7
79511,5
103180,8
29993,7
93990,9
37797,5
62421,9
73471,11
14661,5
97810,8
86445,5
51225,9
63880,9
44305,8
12408,9
20974,9
69507,8
18450,8
93972,5
82760,5
36935,7
41002,8
3059,10
63065,8
61393,8
23967,7
54227,8
2275,9
88908,8
54213,8
40288,11
92028,3
86341,5
18461,9
82952,4
80857,9
38815,9
97490,10
67277,8
74173,8
15887,8
1448,8
66751,8
94874,5
70465,3
12412,8
88173,7
45438,8
60921,9
12887,9
66388,10
51232,10
87811,8
88512,11
78318,11
90883,10
44669,9
88615,11
49615,8
7265,9
28759,5
56228,9
83939,10
74316,7
98501,9
93885,9
23477,5
71526,8
45286,7
11483,6
90162,8
43754,5
79609,11
59875,8
71817,8
91118,8
102494,8
55785,8
78764,8
66795,8
85969,10
77622,8
36572,8
759,11
48043,10
47421,8
60063,8
24792,8
6223,8
61519,8
40380,9
2696,9
1113,11
30477,11
14846,9
27373,6
50313,4
4470,9
45708,9
94494,8
36644,9
100679,11
6425,9
3920,10
67816,9
16144,7
81298,9
80994,10
63686,9
95708,10
84439,8
78262,9
98353,8
13831,9
51035,9
27136,9
14042,10
65922,8
102628,8
75924,8
101149,5
85407,9
94558,9
52952,10
89620,5
99837,7
50708,8
57720,9
39521,9
6804,9
100803,8
99138,8
49669,7
74769,9
11558,10
25858,5
68608,8
27482,8
62436,9
86335,7
2571,10
70045,9
83891,8
71334,11
49303,7
23023,9
82541,7
19031,8
35705,8
56774,9
21060,9
6178,9
92812,11
12931,9
8541,3
54446,11
35376,9
21596,9
71433,10
98175,8
8382,8
80388,6
79773,10
43682,7
80957,3
47215,5
41462,5
47830,8
85670,9
73738,8
4908,9
38293,5
33357,11
98179,7
80608,9
29865,8
7026,8
84591,9
50673,9
92939,9
30840,11
3772,10
63767,8
101068,10
8161,11
95283,9
91273,8
40850,9
87683,10
52022,8
77593,10
1727,9
14728,8
52411,9
52928,5
49022,8
66951,8
29101,8
86102,9
77116,9
20832,8
46128,8
44866,10
100899,8
84740,9
90900,3
68111,9
88554,8
60420,8
32969,8
72557,8
6006,5
47229,8
84719,10
98359,10
58480,8
11354,8
52473,8
4365,8
29022,9
94933,6
10540,11
62293,8
70292,8
31706,5
81156,8
12886,5
55423,5
75170,10
83994,11
70856,11
29920,8
75329,5
72017,7
56010,9
45215,9
32910,9
102108,8
43774,9
94393,8
91039,5
3813,9
7860,8
62861,5
44083,9
10939,8
42960,10
57390,8
70072,11
39101,7
44463,11
48338,9
22354,8
81416,5
18053,8
50459,8
73606,10
49748,9
102097,9
92099,8
76833,8
87972,11
62494,9
43940,8
59560,7
51344,9
44285,9
39409,3
47800,8
90724,8
85120,8
47463,8
93418,8
90578,8
89068,5
95326,7
39385,8
88601,8
85606,8
45714,8
30709,9
72035,8
64516,9
65325,9
41468,8
88470,8
28966,9
77380,9
70596,8
29448,10
59754,8
18304,8
14452,7
38657,5
40175,3
93398,11
18268,9
2695,9
53947,10
90316,11
24286,8
33056,11
34508,8
13171,8
25617,8
15914,3
20436,8
22372,8
71243,8
102634,10
22597,8
58932,8
75016,8
86284,5
32017,9
29594,8
58315,9
19425,9
90171,7
35427,8
88155,9
3296,7
28645,8
8493,10
80586,8
100436,8
89507,9
48566,9
37100,5
47734,9
98563,8
24552,6
59044,9
82282,9
51718,8
43500,8
81004,8
89362,8
1636,9
21994,9
69919,3
88661,5
32641,10
40891,8
83137,10
47550,9
7843,10
20701,9
33882,5
52424,9
103608,3
28981,9
102980,9
88662,9
60599,8
30445,8
94784,5
59124,8
824,11
24721,10
60758,9
25249,8
26285,8
2358,11
79702,9
62794,8
8889,8
66454,8
80877,8
56450,5
54256,8
41196,5
22332,10
85156,6
83112,5
95619,6
27846,8
52231,9
89799,9
47656,9
11456,9
99032,5
75842,9
52333,8
31564,5
48627,8
69929,11
98354,8
47687,5
87501,6
64571,8
99022,9
16462,6
4748,9
36483,9
89564,9
903,9
97123,9
84972,8
81411,9
4841,5
21292,8
53251,8
14542,8
27658,8
82588,5
97559,9
80907,8
18016,9
4560,9
33944,11
15878,11
54707,8
6393,5
87723,9
81924,11
39433,9
18006,6
101190,9
22390,9
37867,8
87321,5
85301,8
30754,11
90257,3
79286,10
26060,7
71267,5
85829,9
11299,9
60958,8
49940,3
92745,8
95004,8
46245,8
95714,11
31786,10
63595,9
69404,9
76350,11
52920,11
57114,9
30001,9
77139,8
99781,8
7271,8
95954,6
76075,8
87238,8
96987,10
7521,9
54499,11
12294,10
99815,8
85812,8
13752,11
72399,8
15225,8
98586,6
2812,9
47981,9
8115,11
1803,8
90500,9
87337,6
59769,8
96992,10
24991,8
57511,9
53315,8
81098,11
24295,7
26691,8
51614,9
23478,10
77127,8
37546,9
15509,9
80753,5
55425,9
88626,7
98258,10
24395,11
45500,9
14847,9
63679,9
50571,11
4300,8
56979,9
2101,9
43173,8
41137,8
46958,9
25460,11
87251,9
50025,8
53821,9
53825,9
88755,10
96478,8
82839,6
3950,10
2385,9
86207,8
36158,8
95186,9
88981,8
70571,7
3367,11
70962,8
22192,8
31424,8
87245,9
64650,11
56157,8
27512,3
64705,8
86082,8
42766,6
73595,9
76673,10
90852,8
86391,9
88603,9
87962,8
72046,9
49496,5
86594,9
3755,10
99944,9
102168,8
26074,9
45346,7
18463,8
13571,10
89164,6
95443,5
94411,9
52161,8
24783,9
41487,8
94981,11
47403,6
63317,8
56475,9
78376,10
40553,9
61833,5
7362,9
66847,7
89107,8
57679,8
1255,7
95988,8
64934,8
87157,8
28697,9
33241,8
17151,11
72831,5
90104,8
95933,9
5101,9
47915,11
60123,9
30835,8
436,5
92477,9
69263,11
18539,11
24680,8
43044,5
55329,8
4147,9
69930,11
21218,6
9474,7
101142,9
60739,9
57700,9
54683,9
20170,8
29936,8
86721,8
67605,10
64696,8
37221,7
51380,9
10283,8
51615,9
91850,9
85487,7
85056,9
88600,10
65807,8
73446,9
44865,7
58023,8
21996,8
1721,9
8935,11
98751,8
31807,8
5901,8
81296,8
84014,10
89911,7
53562,9
33827,9
24224,8
58524,8
71,8
58429,8
88411,9
60757,9
80824,9
33037,8
97334,8
5807,9
19142,8
72583,9
84635,9
88712,11
85192,11
39946,8
13390,11
19014,10
3894,8
87886,9
37306,8
25183,5
44745,9
92497,11
55218,9
99881,3
82177,8
78250,8
19691,8
3614,9
63646,10
57052,8
31534,5
85231,5
7710,9
98439,8
21514,9
75335,9
51504,9
61218,9
85902,5
75467,10
15848,9
37055,9
42949,5
66090,9
85920,5
17098,3
10998,8
54585,9
55748,9
48426,9
57351,5
39875,10
62387,8
95292,9
98978,10
5915,5
35759,8
100013,7
26836,8
64391,10
70165,8
81612,8
537,10
100846,8
2045,9
67158,9
28538,8
13273,9
80209,5
84764,8
5357,5
98897,9
46186,10
40342,7
8511,8
18709,8
36190,8
34489,6
1802,8
96914,7
79211,8
72064,8
63873,8
86846,11
88896,8
44849,9
83984,5
29016,8
19559,8
92180,8
40943,9
71404,8
67400,10
68658,5
71475,8
76828,5
12577,9
3182,6
90376,6
60802,8
60523,5
91259,9
46135,8
19935,9
92637,9
26981,8
40147,9
65506,9
41298,8
48324,7
70393,8
86696,9
48987,8
84692,10
81074,8
12540,7
84446,8
857,9
18051,8
51861,8
19148,9
90378,9
14284,8
22034,9
67136,8
36416,9
89557,7
3718,10
45704,9
24332,8
69790,8
80428,10
66403,8
52296,9
91042,9
77261,8
89033,8
29289,9
46789,5
40778,8
63240,8
7673,9
34180,9
87665,5
38088,9
62813,3
27441,9
87976,9
46574,11
85679,10
15618,7
5385,8
3095,10
87069,8
55126,11
30958,7
69038,9
38246,5
77957,8
34947,8
76358,11
71331,6
67033,3
16835,9
96640,9
100479,11
45158,10
53496,5
52956,10
70899,5
47356,8
49642,11
62516,9
11182,5
49718,9
46047,10
50112,5
33099,8
98119,9
91962,9
93208,10
90552,8
85967,9
88153,8
34678,8
66724,7
92511,11
49617,5
80370,8
102158,8
5033,8
103134,11
13429,6
96481,9
63888,6
73825,8
17315,8
84201,8
92762,8
80051,10
61353,9
91275,8
27416,8
78131,8
88784,11
95456,8
22687,8
14882,5
69052,8
68904,11
45552,9
22063,11
93035,8
78911,11
92194,5
87997,8
103152,10
73328,8
54674,9
48958,11
88358,8
20366,8
74760,9
7608,8
4271,10
99898,8
80097,3
25300,9
103246,11
19642,10
33766,8
78783,3
1419,8
66793,9
83630,8
87575,7
9323,5
44954,8
75979,8
13925,8
77325,10
38500,5
24761,9
48992,9
77563,6
33295,8
5348,8
76410,5
79578,8
79150,7
74748,5
76650,3
58157,7
100822,9
96401,8
87237,8
25644,8
75678,8
43072,8
52969,8
59987,5
42879,9
29267,9
71617,9
30647,5
44327,5
48159,9
70430,11
680,7
38476,8
5466,11
63518,5
47064,8
49268,10
78810,9
89025,8
7360,8
33027,8
21239,9
38144,8
102263,8
38238,8
89349,8
66004,11
32067,8
27185,8
70407,8
25978,9
80456,8
91970,8
83230,5
43245,9
76852,11
14833,8
100474,11
102921,8
47067,9
26259,5
38805,10
6439,8
68772,11
21285,8
57974,8
75168,9
73217,9
100103,8
102229,8
93973,5
87199,9
61262,11
82486,10
10265,9
74566,8
24106,10
55625,10
24410,10
98846,8
50807,9
103619,11
100920,5
95383,9
3260,8
28176,5
94318,8
83549,8
30493,11
69865,9
9564,8
36903,9
71572,8
55989,8
98449,9
31820,8
85432,5
323,7
72096,5
64508,3
90739,8
84012,8
59626,9
63064,8
71364,8
65655,9
33772,8
32802,11
52157,8
92620,9
72262,7
86880,8
97748,9
94483,10
67067,9
521,10
79275,8
87802,3
68409,10
12783,8
82987,7
3633,9
85242,9
88387,9
97797,8
78488,7
93020,8
78607,7
26357,7
88392,9
66905,5
3435,9
8218,8
14691,5
69679,9
81383,8
85086,9
92258,8
80864,5
21207,3
30986,10
37745,11
1628,9
41636,8
39452,10
43224,8
68093,11
3411,9
100330,10
15005,9
73276,8
69028,9
7090,9
24147,3
54761,9
86661,10
91031,8
100069,6
37075,9
72763,8
38564,9
86865,9
99179,9
80996,6
54393,8
5435,9
20409,9
86885,8
93850,8
91219,10
14382,10
62181,10
21024,8
18647,11
13051,8
69391,8
41752,9
61106,9
87249,8
36854,8
84505,5
33046,3
92587,5
102937,8
5899,9
42874,9
21889,9
23861,9
82875,10
15014,9
103340,9
92177,11
101046,9
9122,6
63414,9
37963,8
59010,9
88677,9
55416,9
33668,9
31431,10
20303,8
33313,8
93143,11
42721,9
51794,7
25911,9
95489,8
75830,5
96779,7
26955,9
99723,8
60987,9
45199,8
44041,8
102118,5
20917,9
98067,6
83429,11
71233,9
18263,5
18354,8
93507,9
69860,8
15134,7
45935,5
89950,11
96327,5
53733,8
38007,8
19583,10
76719,9
86726,11
83843,5
97075,8
82338,8
7579,8
34873,9
16134,9
31329,5
69838,8
40767,9
28698,11
22181,9
42732,9
29603,8
32109,8
9301,9
90121,5
93460,10
89554,8
27022,9
4842,5
48244,8
34963,3
46072,8
84875,8
62470,7
85783,8
14331,10
4502,8
60405,9
49599,8
45928,8
28778,7
90195,10
36505,9
90967,9
47511,9
77868,9
83221,9
59011,8
21810,8
28419,8
28072,8
93886,9
94617,8
100466,5
74267,11
386,8
89663,3
60575,9
36882,9
82557,5
45983,7
52963,11
60071,9
94726,9
89636,3
95517,5
90529,8
1206,10
28781,9
98209,11
89725,8
53406,11
52687,10
33417,8
1786,8
97849,9
76894,10
91724,10
98749,9
100327,9
99610,5
59633,5
96925,5
65388,8
82367,8
2428,11
95830,10
56846,9
31775,8
95465,9
28562,8
48702,8
50102,10
49224,9
39790,6
47928,11
79142,8
99281,9
84517,5
21158,11
46168,8
27486,7
51728,9
60586,9
95435,9
35801,5
37668,8
1242,9
85256,5
65451,7
11343,8
77227,8
8790,8
10618,9
76994,8
91683,2
83390,7
3079,5
82529,8
67095,8
70598,8
19296,7
20058,8
76507,8
88792,8
64629,8
83877,5
67244,11
76780,8
90597,11
13293,10
49165,10
30366,9
53685,8
1742,8
3449,8
88126,9
95303,8
94832,8
48335,9
72228,5
23601,8
74368,8
38061,11
40558,9
33437,7
90834,11
79810,7
55495,10
61986,9
21367,9
13061,5
33858,9
81184,8
88841,7
17939,8
88802,8
25569,5
67206,8
74826,8
5855,3
64120,9
83885,9
88082,5
34312,10
97589,11
24490,9
1057,5
89745,9
99978,9
89705,9
3345,9
68427,10
13469,10
56199,9
100392,9
12677,9
22400,8
93633,10
3903,8
96663,9
89347,8
1788,10
12596,9
90723,8
85936,5
2047,9
89462,8
77769,5
100056,9
57875,11
4826,9
17194,6
86164,9
77587,11
89954,8
46948,8
96566,9
45021,6
66736,5
83614,5
27433,9
8057,8
65218,6
88284,3
36477,8
31921,9
74844,5
71150,8
35264,8
38826,5
64276,7
59275,9
87616,8
21165,9
4015,10
88437,9
62425,9
91827,10
18806,9
53693,5
81672,6
99998,8
96731,7
25944,8
103059,8
91229,8
28007,6
96000,10
65210,8
100558,8
14393,9
87115,11
1856,8
63811,10
29111,5
40726,9
80474,9
88434,9
97840,8
40845,9
70985,10
31319,8
55452,9
64969,5
28334,8
29659,5
3108,5
98409,8
73702,8
100326,9
23914,8
34255,8
68808,9
46686,8
38882,8
87338,3
10824,7
40750,11
61956,8
81586,8
95476,11
94429,9
4282,5
26795,5
76419,10
62094,8
86843,8
18698,8
49564,7
14834,9
31475,3
80589,9
74686,5
36993,8
87388,9
59976,8
100853,11
27551,3
62927,11
65687,9
89169,9
82415,5
28242,9
75094,8
8696,7
19702,11
30642,8
31171,8
51711,10
93320,8
73798,5
87771,8
88070,11
92243,9
63789,11
45610,9
47534,9
33355,7
5549,9
87880,8
51550,10
72240,9
31233,9
35673,9
56284,9
16527,10
35103,9
60087,8
72001,8
25194,7
37648,6
53394,9
77165,9
51333,11
46335,11
97162,8
65734,7
94608,8
21793,9
14118,7
97425,10
36498,9
103462,10
58097,9
79355,9
32137,8
64323,8
93880,5
29023,7
15706,9
71339,7
73062,9
54036,9
98073,8
89411,8
9793,9
28896,8
57848,9
88814,3
99036,9
48824,7
44583,7
96749,8
76418,8
46211,8
54757,5
27713,8
91160,9
80484,3
31865,11
82740,8
34209,10
74577,9
90798,9
74910,9
21587,11
43309,9
50204,8
47377,8
20443,8
89614,10
69423,9
21256,5
76617,10
81138,9
59027,9
92500,8
82332,8
53443,7
89210,9
57558,6
85843,8
46488,10
12372,8
49410,7
42977,8
87561,11
77586,7
72739,8
80559,8
72,9
91324,8
31530,9
52249,8
55960,8
76515,10
3315,7
5539,11
34426,8
16491,11
97693,8
84169,9
91672,7
2118,9
37289,8
75970,9
52032,8
96374,8
54174,9
90304,8
98387,8
67683,7
41900,9
58828,9
79244,8
51671,9
61421,9
65368,8
97557,9
4822,8
62950,7
66921,8
12128,8
38757,5
22173,9
55709,9
100195,8
14401,9
73220,9
89420,5
51695,8
78522,8
45140,9
93728,8
87806,8
98988,11
95522,9
77105,8
51934,8
607,5
103300,10
25434,10
85285,9
91301,8
18660,9
11232,5
2969,8
91788,3
58190,10
85451,10
5525,9
6118,10
11722,9
4768,5
36051,9
80092,9
29461,8
22066,7
48325,4
80217,10
22424,8
1665,5
29635,8
54171,9
83181,8
99310,10
65212,9
69904,9
98239,9
97027,9
90926,6
87792,9
68034,8
14447,7
21853,8
83797,9
44382,7
66315,8
59401,5
81983,8
33829,8
7113,9
89543,5
87985,9
57118,10
1443,7
74685,9
32667,3
36990,11
45344,8
58219,9
89501,9
64681,8
56612,5
53282,5
77198,5
48261,10
99965,10
56424,5
52531,8
74591,8
22723,7
56985,9
591,11
16416,8
26419,9
2355,9
5151,8
7749,8
90399,3
95668,9
61136,9
103349,7
83904,8
32302,9
80827,5
90341,8
76850,8
24234,7
74909,11
74781,8
13629,3
95224,10
69487,9
91303,8
88673,9
82356,8
71373,5
76374,8
41615,11
76762,8
86813,5
86434,9
95886,10
60961,8
61202,11
96722,9
88334,6
40188,9
12474,5
89555,8
63,8
93572,5
42200,10
79601,8
40680,9
65834,8
77050,5
45237,8
35351,7
97391,8
4400,10
89171,9
88676,3
86861,11
54461,9
37904,7
95956,8
68536,9
57447,9
18107,9
87980,5
38865,9
63894,11
86147,10
13438,10
84927,11
38740,2
85995,8
99027,10
94085,9
725,8
65566,8
4173,10
100854,10
57433,11
29271,9
90424,9
16729,8
54562,8
96693,7
89445,9
5666,10
90716,5
16259,8
88372,8
40182,9
99739,8
69276,8
89139,9
6199,9
89815,7
85635,8
54520,5
30429,9
90194,8
77041,8
95511,9
6494,8
33024,8
16630,9
91535,5
82423,10
3547,10
1582,8
21166,8
85450,10
83102,8
103416,10
84625,7
39136,9
56510,5
96028,8
62370,9
13137,6
3694,10
54576,8
30927,7
19510,8
39144,6
52464,11
3780,11
70311,7
18178,8
73423,5
53341,8
95715,7
31089,11
90993,9
34833,9
6213,11
91791,5
55426,8
93281,7
45408,8
9904,8
97306,9
29843,10
83571,10
93064,11
84375,8
67541,10
3875,9
95691,10
76897,5
80687,9
16853,8
69899,11
12347,5
85183,7
61824,8
13064,7
34663,8
93974,9
79887,6
82372,11
90758,8
46125,8
64019,8
89243,9
62545,8
35741,8
76098,9
2501,8
8241,5
103074,10
97963,9
75322,7
51140,8
87687,9
83345,8
99952,8
32903,5
3730,11
35362,10
23846,8
69590,5
9558,9
66932,10
60436,11
59751,9
47384,11
45554,10
15921,11
70616,10
53601,8
87170,8
78585,9
149,8
32057,8
46267,9
48248,9
82234,9
50986,5
79931,8
57393,8
30787,10
80570,9
78709,9
86342,10
8732,10
10416,8
91735,9
91736,10
82382,9
18540,10
22148,5
51678,5
73711,10
20172,9
38216,8
21022,8
32520,10
90573,9
73110,7
65164,6
26532,8
96053,11
65006,8
83351,9
89731,6
86311,9
90605,10
47182,5
92504,3
94852,8
6263,11
88384,9
102338,9
16053,9
5353,10
10175,9
68721,8
49536,9
41974,9
41381,9
90113,7
14347,9
78971,9
63277,8
90428,5
102555,11
52075,11
86563,9
75835,7
38424,8
79560,9
79795,11
4011,6
13477,8
32927,10
61031,7
90134,9
92578,8
76981,7
10966,8
5593,8
57088,10
75195,7
69927,8
50384,9
17978,8
27990,9
96386,9
32838,8
1926,9
32329,5
6824,8
51633,9
82772,8
14154,8
92094,8
36624,8
73264,8
61431,8
90884,9
81039,8
73210,8
81323,11
11436,6
71588,8
99223,11
12608,8
82726,5
67201,11
58232,8
100778,8
54716,9
2993,9
39559,11
38145,9
78348,8
85698,9
79296,9
66675,11
95560,9
15445,8
90569,7
22385,9
71033,7
71549,9
26675,6
83029,8
5381,5
83523,11
80879,5
25128,10
100368,8
98457,9
89784,8
30936,5
93778,8
1490,8
46939,10
94903,7
53468,11
58228,8
99535,11
78983,8
17954,8
72965,9
85623,8
50730,8
90629,9
88075,6
50682,8
81161,11
31904,8
29750,5
70255,5
80881,9
85619,11
92176,8
31931,7
3066,8
44587,8
91313,8
14605,8
12430,9
36764,10
96432,9
93144,8
60924,8
14663,11
62775,10
41044,8
101124,7
78546,8
22757,9
56122,8
96698,9
67818,5
97675,5
36368,8
100833,5
19728,4
88774,5
34928,8
83365,5
70942,8
73419,3
11467,8
83834,9
49763,10
84721,8
92257,8
99630,7
44667,9
72238,7
60402,8
38176,8
83764,5
53380,8
32881,11
26916,8
21824,11
89075,8
82242,8
82493,8
55630,8
84729,11
74266,8
102586,9
2221,8
38166,9
29159,10
63965,11
29894,9
97001,5
98421,9
24579,10
98346,5
101927,8
90224,8
85300,9
82107,7
11735,8
73796,8
20608,8
46413,9
55315,8
66779,8
24775,8
21628,8
76543,10
99317,10
53476,8
94783,8
23630,8
81520,6
51091,9
85862,5
57042,8
66824,8
76261,9
85169,9
35575,11
53376,11
31902,6
4970,8
89296,10
70528,8
54718,10
57997,5
26634,8
91141,9
82091,9
27668,11
37243,9
69505,8
77960,9
13795,8
10961,8
49481,9
48858,4
62051,8
39855,11
17960,9
54314,5
68203,11
92164,8
74669,8
97868,7
60044,9
39598,10
75982,8
57056,11
76392,9
80324,9
33078,9
61342,11
77535,8
35660,9
67460,8
82396,9
68774,8
74346,8
401,8
19750,8
66495,10
61404,9
76553,7
75712,8
12949,7
90380,10
4090,11
36523,7
90816,11
40912,8
102575,3
91465,10
52806,11
72707,11
26257,8
88159,8
37305,8
87086,7
51240,8
985,5
89312,8
84002,8
47678,7
35714,8
40843,9
87399,11
38267,9
103106,8
92688,9
46566,8
98831,10
98571,8
93617,9
83403,8
94586,11
84851,6
31170,7
25101,5
60388,10
82749,9
35912,8
26759,8
14017,9
103229,9
93998,7
36647,10
25420,9
34485,8
88067,9
55782,9
84427,8
34720,8
69479,8
53318,11
3461,10
95941,8
20947,8
47810,9
88432,11
44233,9
99955,8
76928,8
23748,5
19720,9
70562,10
88829,5
73709,9
93701,10
97891,9
51582,5
90624,11
87159,9
1367,9
57220,8
34465,9
29006,7
54602,8
95377,5
22047,3
84326,8
18065,9
9607,11
90587,8
91363,8
39338,9
18063,8
100118,6
10250,8
10786,8
35205,8
82260,8
37911,9
55391,9
79349,8
40356,8
63826,8
40101,6
47811,11
31408,9
56969,8
73114,8
71384,9
9111,9
79581,9
95024,7
84651,8
45485,8
48131,8
87946,9
56965,8
44251,9
96806,8
58442,8
50252,8
45918,9
33782,3
34373,9
87742,9
33504,8
94424,8
76977,8
13141,8
5874,5
3129,10
67923,11
55131,9
68985,9
66940,9
65871,11
71584,8
74322,7
102124,9
100656,8
32979,9
81720,9
10650,8
59414,9
73701,9
74166,6
62024,11
87540,10
47177,7
34531,8
14736,5
74967,9
88337,9
79796,8
79232,10
10212,9
102369,5
41682,5
62498,10
8707,8
77881,8
33691,10
77121,8
37685,6
82324,9
95380,8
66480,8
62295,9
28315,8
63960,5
9903,8
64857,8
9996,9
83953,11
45591,3
93467,8
93312,11
74337,7
23064,8
58100,8
59796,8
20652,5
16923,11
82304,3
97862,9
94979,9
82834,3
36888,8
73365,8
9,9
95197,9
23244,9
1629,5
83257,5
41643,9
85275,8
87639,8
20053,9
78677,8
28001,9
57063,8
65052,7
92722,10
64747,10
60602,9
86699,11
79670,5
11810,9
1271,8
18904,8
11049,8
48323,9
17324,9
25942,6
55335,8
97542,8
59256,3
99202,8
81564,9
95150,9
152,8
98210,10
80897,7
48228,9
96644,8
85249,9
88309,10
17575,9
3443,8
34190,9
72902,8
100968,9
46018,10
93930,3
38518,9
83585,3
49798,9
34673,8
16877,9
89578,9
49893,10
3477,8
57647,10
72304,8
19915,11
19887,10
78273,10
97510,9
44843,8
73482,8
61295,9
87087,5
98500,8
82605,11
7459,11
56055,7
88680,9
79693,10
1912,8
68060,8
13041,9
63747,3
13448,8
9828,9
90114,9
15377,5
47762,9
3617,11
98045,8
100000,5
52861,9
23320,8
79365,8
64741,8
68987,8
25154,11
83978,8
62802,8
78308,8
85642,8
10951,5
94385,9
90310,7
28226,9
5059,6
61937,7
34202,8
74527,8
36112,5
38134,9
44538,8
72140,9
55823,9
42401,8
23439,9
95838,10
1447,9
88787,10
12770,9
99337,5
93828,3
79513,8
67395,5
25085,8
89461,8
5894,9
84391,10
32212,9
91774,9
54259,5
86312,8
85175,8
63887,9
41104,10
37674,8
7539,10
76590,9
79732,5
36631,9
24664,11
102231,5
98473,8
92128,8
43104,5
24387,9
84214,3
3005,8
58685,8
95164,8
64448,9
29471,8
80991,11
33467,10
32929,7
46070,11
23289,9
92617,5
63224,8
57806,9
91863,10
41177,9
37881,7
42700,8
83050,9
49851,8
81246,9
32681,8
738,8
4273,8
77716,8
93686,5
42092,3
94808,11
17182,5
34445,9
92634,8
16125,9
71841,9
45971,8
33083,7
100299,8
70322,9
75207,8
96659,5
5851,8
81521,7
88659,5
53611,9
81880,11
16525,9
78995,9
65976,7
91752,10
25105,8
102136,8
81317,11
39394,10
7891,9
37434,11
83471,10
33089,8
51581,8
70012,11
57682,11
39922,7
56761,9
85495,8
28213,9
75368,10
93233,9
62903,9
11023,9
64768,9
82424,9
98263,11
95650,8
32063,10
42391,9
72801,8
46218,8
19803,11
68692,11
18824,9
33285,9
83252,5
60237,9
72119,11
58821,8
23016,11
85068,8
16047,5
100189,9
405,9
10325,9
62173,9
27574,5
97377,9
14425,8
221,8
57484,9
92310,9
90453,8
2319,9
11298,8
74041,8
39211,9
89032,8
81662,9
88443,5
45702,9
85128,6
14026,9
72361,6
56068,9
17608,8
76399,8
12438,10
25951,8
85306,8
92754,9
93803,5
72973,9
88756,9
12894,8
99585,8
64291,9
63944,8
59425,8
88780,7
24702,11
100358,9
11290,5
23494,7
34097,5
85024,8
52468,8
45126,9
5398,9
102725,8
71640,8
90598,7
89711,8
74663,11
32236,9
90902,8
60192,9
49612,8
35350,11
78954,10
15087,9
99247,3
11942,5
1283,5
49575,8
4395,7
48359,8
28140,8
95582,10
79525,8
83302,9
45857,3
8332,3
37036,9
51151,9
46857,9
61041,8
2014,8
84281,9
91608,9
102577,9
83831,10
51722,8
58779,8
64944,7
52412,8
93539,5
76965,10
15150,9
30973,8
19796,10
75869,9
9835,10
60469,9
67732,9
71611,8
15663,8
77506,8
64618,8
83162,5
18179,9
54890,8
82953,8
43031,8
72534,9
96952,9
59696,8
90338,8
45765,8
95107,9
33753,6
87150,8
50774,8
75090,9
77379,8
44321,7
82274,5
2980,5
18743,5
94648,8
53573,6
36423,9
81953,5
56053,9
88868,9
66879,8
59906,8
80131,10
97046,8
88279,8
80179,8
52272,5
57106,8
85353,8
49054,8
88851,8
6185,8
71658,9
54408,8
4626,8
30702,9
47050,8
88873,8
1947,8
40882,5
89781,8
48642,11
22853,5
74295,9
86795,10
8407,8
4921,8
3899,5
103478,9
93592,8
80736,7
56907,7
8042,9
35861,9
2559,11
30172,9
88120,9
62388,8
80120,8
62221,5
2820,9
2192,11
3416,8
18668,8
64322,8
42367,9
20783,8
12245,8
1482,10
91464,9
93826,3
7729,8
68584,8
71511,9
1337,9
51438,7
77780,6
97188,8
85073,5
98193,9
2922,11
86741,9
77277,8
78570,11
69646,11
85012,8
54132,8
69338,9
76586,8
28342,9
57487,9
71518,10
69238,10
22257,8
18948,5
94884,9
22159,8
43538,7
26463,9
36976,9
39968,5
4490,11
85289,8
69286,5
50066,10
55031,8
11820,9
81633,7
97564,11
3148,9
90905,9
17982,8
49996,8
90700,9
40181,8
21278,10
34137,8
27905,6
29192,8
82124,8
95991,8
103468,10
77856,6
76641,8
76512,9
88555,10
75500,8
43569,5
1882,9
100857,8
89121,5
69321,8
34816,9
63460,9
97945,8
73054,9
86065,10
16031,5
37392,3
34742,9
71730,5
3375,9
87818,8
22111,7
52135,8
15789,9
42871,8
41686,9
96521,8
85582,8
18808,5
80030,5
28299,8
76260,8
97384,9
88340,3
6721,8
90784,8
4278,8
76744,9
52215,9
88195,9
82163,8
47117,8
90210,7
25092,8
26241,9
96608,8
87206,8
589,10
14358,10
85194,8
87820,8
46473,9
58198,8
87938,9
37094,10
12544,8
54215,9
100262,10
72133,10
98277,8
45745,8
30275,8
85446,10
19850,11
65319,9
52253,8
48620,11
55943,8
92636,9
11663,8
15460,10
26052,5
86667,10
1362,8
33438,8
46304,9
90221,9
80172,9
75181,8
9596,7
90786,7
78754,8
64794,9
35715,5
60918,9
82450,6
12282,8
14968,8
87065,8
87533,11
93277,8
88059,9
1369,8
44932,7
14184,11
45966,11
38511,5
67577,9
27116,11
29132,5
64370,10
85096,5
70976,8
21058,8
25948,8
12045,5
58510,8
95312,8
7545,9
3478,5
77267,9
46651,8
55296,8
21233,9
69320,8
70482,8
26278,8
83977,8
68350,8
81038,8
87607,9
39206,7
84018,11
69394,8
49565,9
11546,10
81535,9
92248,8
5463,9
26611,6
38712,11
49104,9
28796,8
84262,8
103116,8
92796,8
95797,8
34912,10
92008,3
85841,5
32861,9
13560,8
87993,7
59528,11
78615,9
73787,8
92548,11
19535,8
99061,8
65231,9
88276,9
35790,8
46847,8
101087,11
6771,7
26575,8
98336,9
87580,11
425,7
76,8
63712,8
13312,9
34665,11
17118,8
69488,9
94038,8
87059,8
78426,7
80941,5
82117,9
37269,10
87937,9
1695,9
9133,9
79120,7
98703,7
67508,9
57066,8
71269,8
85833,9
39826,11
21626,9
93758,8
82518,9
18231,9
43765,5
78055,3
36445,8
86638,9
27951,9
229,5
29634,10
86734,8
39613,8
73383,9
25642,8
7775,8
57841,7
66486,7
18257,11
70905,5
56348,5
9077,8
54212,9
54194,7
7574,9
7475,10
56662,3
91447,8
85505,7
80610,8
87341,8
95280,9
53589,5
91606,11
72687,8
68929,9
66625,9
25412,9
91770,5
89600,11
88190,5
3254,5
102180,8
24397,8
89831,9
87010,7
33122,8
54399,9
29549,8
57133,8
89453,7
4952,9
40546,9
29312,9
57175,9
70776,11
61056,9
3151,8
39301,8
89604,8
84173,10
68337,10
77091,8
25710,9
85509,8
89159,8
6522,8
30413,9
12434,8
86194,8
64190,7
44556,5
24646,5
55698,8
86684,7
8261,9
89798,8
71394,8
35349,9
91382,8
14809,9
2156,8
20630,9
72229,8
66661,8
76698,11
92814,9
50349,8
70051,9
88685,9
46608,9
18050,3
27848,8
24883,11
95588,8
15979,8
39543,10
89890,8
43607,8
103091,7
71582,8
102733,7
24690,3
94441,7
82694,9
9789,5
16444,8
55387,9
84059,5
99385,9
59520,9
81916,8
91070,8
71787,9
26054,9
86943,9
4999,8
64354,8
74483,10
9947,10
60264,8
59883,8
13807,9
51369,10
29402,7
31149,5
85884,10
63157,5
5421,8
24469,6
34438,7
32806,9
60951,8
47940,8
67964,8
80667,9
89150,6
102390,11
26112,7
90459,8
87433,3
29097,5
76831,9
81532,9
50519,7
73853,5
47268,7
37833,9
67765,11
83173,11
60885,7
3837,8
86914,9
103578,7
97525,5
51551,11
40669,9
9481,10
22845,6
42482,8
58011,11
28408,5
16736,9
85445,9
2127,10
98955,7
91267,8
43967,8
75841,9
37290,8
57887,9
97774,8
54224,10
7322,8
34892,10
88952,2
46122,8
18976,9
83433,9
88468,9
10465,8
96040,8
36721,11
94137,9
61972,11
58438,9
95654,8
11524,8
22647,9
76974,9
7851,8
23036,9
83735,9
74253,8
95028,8
13239,9
26366,7
1461,9
90309,8
19120,9
73621,9
63773,9
78516,5
96567,8
69797,8
975,8
76537,8
26260,5
10820,7
17927,8
5602,11
49033,7
63822,8
1585,8
79235,8
61506,6
46741,8
94513,10
94751,7
24973,8
4195,10
94402,8
29986,8
2443,10
36509,11
5924,11
91640,8
68025,10
32226,9
72083,8
76955,11
98412,8
89679,10
73044,9
71360,5
94919,7
26717,8
88092,9
75022,8
28619,9
71806,10
98836,7
99234,8
35015,9
67758,8
84234,8
58675,8
41237,8
19105,8
60697,8
83935,9
95680,10
42553,8
71069,8
87257,8
50674,8
97631,6
80294,3
79208,8
77499,6
75834,8
83615,9
47490,9
43133,9
87250,5
60917,11
56280,9
72651,9
46781,11
97846,8
89988,10
53770,5
52773,8
82969,9
42689,9
77338,10
95707,8
92395,11
63446,7
32820,8
35091,11
92279,8
91158,9
1780,8
87269,8
97648,8
85975,9
14995,5
17379,9
88957,11
77350,10
70046,8
48339,9
34395,8
37455,9
73913,8
4693,5
13770,9
50829,10
65374,9
9089,6
80170,8
79862,8
46424,9
59481,8
29127,8
6626,6
58230,9
97031,5
75054,8
26709,9
14948,11
79787,8
92584,8
47770,5
99597,10
53234,9
5947,8
91005,3
28521,8
80471,8
80956,8
34581,9
84956,8
34995,8
96427,8
84432,9
20992,9
11214,9
87112,5
1527,8
72496,8
40729,7
11702,11
34181,9
53189,7
4571,8
56603,8
63299,11
74548,10
5058,8
31535,8
39305,9
11101,7
87029,9
36675,11
18264,8
32997,8
31601,8
98882,8
72708,7
77918,9
41504,9
60769,5
58235,9
100860,8
5233,8
91533,8
70467,5
85400,3
94896,7
9931,8
92340,9
94052,10
1132,9
84170,9
57310,9
13674,11
45778,8
52948,9
5565,10
26628,5
38504,9
100119,9
60955,9
100462,11
5426,10
15941,9
81545,9
93948,8
50845,8
25629,8
85364,9
40769,9
66053,8
47529,7
25908,7
7893,9
95405,10
16622,8
98405,8
86649,10
70652,9
34155,8
21019,10
542,9
68160,8
58711,8
9036,11
25935,9
10369,5
65467,9
12829,5
13526,8
14551,8
22909,10
99222,7
102194,3
16049,10
63687,8
16454,8
88230,9
79385,9
100443,5
23834,5
40658,9
12889,11
33589,11
1008,9
40609,8
91674,5
77240,5
27439,8
85934,7
43170,10
61639,8
40567,10
10333,10
27460,8
51998,9
69777,9
72758,9
18641,9
56302,3
87352,9
96474,9
87961,9
88460,8
83224,9
42978,10
24041,7
37514,11
13553,9
18887,8
28605,8
41712,5
92365,9
102103,8
65963,7
89877,10
63613,9
30981,8
34741,8
77410,9
84216,6
59296,8
92276,8
18574,8
83744,9
79547,8
6155,11
48413,9
84457,8
14764,8
22452,8
7905,3
80196,8
31710,8
27111,11
92336,8
85290,8
90176,9
59681,9
7789,5
620,9
45574,6
79261,6
48499,10
12380,8
76962,10
83251,7
2995,8
23920,10
8445,8
87894,5
77326,8
73454,7
91589,9
16795,10
64336,9
45271,7
81600,8
89410,8
46985,10
58181,9
70510,7
35656,8
96477,5
83311,9
47756,6
50952,7
79800,8
50620,7
53098,5
83754,11
86195,9
59405,7
60478,8
76432,8
44427,10
81041,8
44788,8
56407,7
94373,8
23012,9
61409,8
46434,7
91815,11
72010,9
6798,8
1087,8
10857,9
90644,8
36867,9
51001,9
100192,8
31264,5
70701,8
24227,9
4390,5
81966,10
73292,8
102677,9
90657,8
26742,7
100798,7
86678,8
21329,8
20415,5
54221,8
6547,9
1551,7
61410,8
15436,5
52047,8
69971,9
1267,8
26571,5
40214,9
53654,5
27298,10
19928,8
68890,5
54813,9
50556,7
91071,5
65229,8
90204,8
103605,9
72051,8
24503,8
26415,5
9723,8
31856,6
83334,11
28548,3
34541,9
47941,7
14565,8
37438,9
9696,8
29438,9
11495,8
52109,4
94499,9
20811,10
78845,7
69469,6
99273,5
23356,9
84239,5
96497,11
98510,9
85406,9
35526,5
64627,10
40045,8
19699,9
46761,8
92675,8
79241,8
8595,10
103171,9
33289,8
98967,8
64666,5
29685,9
93928,8
76314,5
24595,10
90461,8
59174,6
3895,11
89576,8
19110,9
20165,8
30670,8
25740,11
17101,8
54105,5
52664,9
9326,10
86181,11
41899,11
53581,9
76576,10
29671,6
21556,9
16058,8
81441,11
16651,8
81165,10
99568,10
5557,8
92422,5
81007,9
18546,7
90137,8
77874,8
58853,8
15190,9
70337,8
35154,11
15841,9
56689,8
101102,10
88107,9
53492,10
62282,10
60628,8
40386,11
87676,8
5148,9
59799,8
51222,8
57277,8
21077,10
32839,8
24160,5
81160,9
60794,9
79769,8
45038,7
23949,8
36679,10
88171,9
81024,9
102616,9
51321,10
51925,8
4310,5
88839,8
41728,7
91296,10
74393,8
30634,8
67071,5
14482,9
87285,9
12672,9
11289,10
68429,5
72561,10
50723,8
89542,8
36806,10
33728,8
90064,8
82343,9
98161,8
16220,8
88590,7
55111,8
40008,9
94688,5
94274,8
3352,9
82571,9
73313,9
97725,9
29443,8
20508,9
6864,9
35948,8
83399,8
30839,9
16912,10
85009,9
79017,10
87267,8
46102,11
1176,9
25283,8
60508,8
76080,8
12336,3
50023,5
3087,9
34891,9
63571,10
68012,9
10670,8
8217,10
84255,8
1010,7
60076,9
28116,8
57895,8
99704,9
1914,9
23925,9
63587,8
88625,8
94579,9
72274,5
37347,10
30015,5
57956,8
54349,8
82744,8
12953,8
97806,9
316,5
73520,8
78375,9
87830,8
20088,9
87718,5
89244,8
96817,8
10406,8
95388,9
77241,7
72284,9
59331,9
41253,6
77898,7
68424,9
96063,10
69315,8
39077,8
99574,9
86980,8
91250,8
78462,9
99331,8
36345,10
61267,11
91571,8
69489,8
1074,11
23037,9
50345,6
43359,9
75390,4
90017,7
70540,8
93408,8
94699,9
52208,10
95367,8
7882,5
48121,10
58655,9
34413,8
66493,5
28063,9
95290,9
92331,3
17171,8
58066,8
3832,6
19455,9
57536,5
59975,9
41796,9
54567,9
67032,7
93158,8
88282,5
11679,8
38623,8
57456,10
70781,11
80850,8
61721,5
3468,9
69960,8
9224,5
40358,9
86273,8
73563,9
57951,8
70498,8
36239,8
74071,11
16659,9
74437,11
17215,9
97979,11
25188,9
86674,10
3152,8
17838,8
46241,9
63376,8
49377,9
47732,9
66642,3
65396,8
96262,8
32807,8
6205,9
89292,8
76870,5
40075,8
84506,7
92583,5
89319,9
1245,8
82761,2
71225,9
58300,9
40072,9
69201,8
89587,11
50355,8
47884,9
60743,8
87207,10
103147,9
983,11
88976,6
30909,8
60138,7
74715,7
59537,9
72533,10
65624,11
44790,8
93304,8
40300,9
74239,9
65085,8
41123,8
9329,8
41908,10
11249,9
49163,9
96271,8
84278,8
84652,9
91454,9
93900,8
62484,8
36442,7
46836,10
89018,8
83763,9
54090,3
27289,11
87791,5
87873,9
52870,8
59373,8
81661,9
10847,8
25782,8
93289,11
44540,9
88977,9
31448,10
87346,8
43909,11
11136,9
39058,8
61520,11
4455,9
25077,8
81664,4
45321,5
83367,5
89824,10
48071,10
18969,8
81179,10
90302,9
18441,9
30486,10
50266,8
84885,11
90444,11
46676,5
100887,10
57001,10
99886,10
11640,9
59458,8
84685,11
91684,7
72715,8
86850,9
59730,7
15230,8
4158,11
81863,8
4912,9
22193,8
72408,11
23487,8
100958,9
46095,8
39113,9
65844,9
61731,9
78763,5
103326,8
76986,8
89047,3
6228,10
26663,9
98909,3
93238,8
1237,9
65162,8
14958,8
28545,5
91102,3
58699,8
80211,5
98340,8
83019,8
54477,8
66038,9
6109,8
6707,7
71848,8
93800,9
1480,9
257,9
75372,9
15870,8
82861,8
84693,10
90945,8
93648,8
29807,8
83335,6
10356,10
32108,9
47162,8
63141,5
54746,6
100424,7
79190,5
23187,10
51717,8
93831,8
70192,8
55451,8
83554,9
181,8
90482,8
97990,9
71469,8
65498,8
99634,9
76782,11
79002,5
64829,8
2493,7
97667,9
67650,9
33649,9
81493,9
13844,8
86872,8
61736,9
12456,9
92291,8
12199,11
61199,6
81197,7
71284,8
6330,8
90543,8
37220,11
102728,9
60144,8
42671,8
5561,7
38921,5
90927,8
43681,10
88403,8
41109,7
19938,9
90802,7
79044,10
64160,11
81906,3
98747,5
9851,8
44616,9
1672,9
57684,11
65008,9
11050,10
96559,8
5027,8
103555,9
18983,10
33514,9
83159,11
86100,5
9449,8
30651,9
8286,11
63324,3
97178,8
62996,7
6343,10
84248,8
87377,8
67041,10
43074,8
126,8
50691,11
20840,8
63079,9
51174,7
63328,9
93747,8
38628,5
87594,8
95893,1
18052,8
48051,9
25643,7
89181,8
89816,9
25084,3
68484,8
6305,8
99565,8
32764,8
24284,7
56791,8
72655,9
12447,7
91153,10
26678,10
74499,9
7223,5
94246,11
49327,9
94005,8
95001,6
88105,8
20970,5
78964,8
97300,9
91866,11
62241,8
76929,9
33701,9
7571,8
3826,10
52623,3
40071,8
52356,11
15984,9
68756,8
95071,6
87582,9
86639,8
72833,9
80019,8
33618,5
79091,9
93349,8
37703,8
1749,9
92192,9
88224,8
84235,5
68242,8
83510,5
158,10
19903,8
63904,8
59541,6
20579,9
27727,9
70169,8
95058,9
90874,8
60439,8
91534,9
83271,8
22643,5
1021,8
60444,8
76444,10
30499,4
96965,5
83192,8
89574,11
49119,10
28163,9
95575,10
2862,8
41301,8
65850,5
84895,5
3424,8
58506,8
54973,8
57087,9
56111,9
50231,9
54218,8
55320,8
52595,8
44943,5
84037,8
94952,8
713,8
72649,4
28221,8
95547,8
76022,9
34711,9
68701,9
85058,8
52515,8
1605,9
5926,8
17080,8
32580,11
39929,10
58242,8
75281,9
5050,8
78768,9
98851,8
58059,8
89675,9
88808,4
48817,9
56698,8
33129,9
20931,9
72712,11
95424,8
92983,9
78082,7
56578,11
72523,8
49963,9
68946,10
13542,8
74922,8
37245,11
50385,9
67330,9
12201,4
78758,5
94245,7
40291,9
729,8
98186,5
16169,8
63953,9
390,10
24363,9
89750,5
46723,8
25125,8
71227,11
75179,8
79432,7
26517,9
64071,9
23426,8
64658,8
90823,5
81378,7
52500,9
12791,8
78302,11
34659,10
3398,9
83855,9
43298,11
91461,8
63205,8
79068,7
26382,8
93904,10
57282,9
34592,5
7165,10
44085,7
65454,9
97739,5
85094,5
87864,10
62262,5
57466,8
6430,7
3544,10
85717,3
73800,8
14850,8
14274,8
83996,5
98907,7
2885,8
67618,8
25540,7
83943,9
15603,9
73708,5
10789,11
13235,7
12011,8
92459,8
9832,4
93935,3
12751,9
31922,7
36131,11
26815,11
71321,8
74868,11
75346,9
1891,10
5209,8
5223,8
12046,8
37922,9
35858,9
91048,6
16629,8
4919,9
3816,8
80366,9
60371,9
65651,4
46915,8
13318,8
23535,11
57809,9
50299,10
95110,8
84118,8
52650,7
13268,11
68267,8
18240,8
20810,9
72612,9
88655,9
58250,8
18535,5
12330,5
42351,8
68195,10
92835,10
86750,8
13242,7
19246,9
52822,8
42171,9
60511,9
54080,9
76388,6
90417,8
52894,8
99559,10
50181,11
5537,8
27040,11
60032,10
41187,8
83150,9
25692,9
54608,8
87459,8
88761,9
95036,11
91495,5
74628,5
94020,8
99020,8
55755,8
68178,9
17705,9
38063,10
49473,11
43057,10
31176,8
33049,7
1732,6
89320,10
17727,7
57142,9
95996,7
82028,8
58984,8
7713,8
82069,9
73063,8
24122,11
96439,8
88882,5
12617,5
87121,9
51020,9
90389,8
90849,8
51876,7
12106,8
78767,8
54333,5
85570,3
83515,8
55048,8
60014,8
21018,8
26036,8
22110,7
51819,8
58704,11
85544,7
64909,8
93183,8
45057,8
56080,8
86837,8
89961,5
61780,9
16674,9
12818,8
67126,8
74206,9
11859,8
99738,8
16555,5
52216,8
83039,8
29107,5
65138,10
34935,8
49925,8
72123,8
93167,10
55280,11
70504,6
82697,9
935,8
65822,9
27566,9
70668,9
73584,9
65542,8
2043,9
34268,8
26429,8
21164,7
101188,9
40561,6
58985,10
74097,9
72112,11
21604,10
38589,9
87828,9
74449,5
4602,8
80999,8
81085,9
72370,9
67308,8
91143,8
35093,9
100282,6
5971,10
49234,8
43855,7
34218,9
21206,8
29229,8
72439,9
19801,10
69115,8
79025,9
57554,9
89026,9
10553,10
97375,9
84084,9
90929,11
22299,8
45444,7
79977,8
77800,5
73978,9
67763,8
80699,7
88717,9
91429,5
57192,5
69295,8
28238,9
59534,11
12328,5
64282,8
65849,5
43583,9
56608,5
45464,9
79463,8
49528,8
85331,9
8420,3
36170,5
83578,8
90807,10
24510,6
24095,8
20696,10
30610,9
56877,9
81405,5
95147,5
32030,10
13586,9
23382,5
50822,6
7517,9
29251,7
15238,9
56948,9
63635,8
38124,9
14725,9
90135,9
73901,5
93892,8
70579,5
60197,9
71037,5
60834,10
5156,8
47222,3
27744,8
79408,9
70414,8
86967,11
22602,8
98264,11
63671,8
8989,10
17921,11
10048,9
70683,7
62592,8
26614,8
87030,9
38765,9
64921,8
62841,8
50543,8
85423,9
68980,9
78833,7
83683,9
20467,8
43652,8
44925,10
77167,8
62270,9
56988,8
29364,8
21503,5
74054,8
60666,8
100070,9
62511,9
9171,8
59071,10
83930,9
5159,8
72335,9
88133,5
91334,9
68448,9
67006,11
26719,8
90813,9
58083,5
100156,8
84413,9
26831,8
5887,9
56434,8
23561,7
46772,5
26883,8
70704,5
92582,8
59482,5
100566,8
28765,11
33380,8
92553,8
98705,9
9136,8
8130,9
41987,4
84185,5
72345,8
1382,6
85856,9
5400,9
80609,9
26583,9
19698,9
89194,9
81995,8
5880,9
94708,8
89137,5
20860,9
39270,8
39438,11
52770,7
48044,8
53914,9
4670,7
10704,9
43734,9
87151,8
93440,11
19321,8
6572,6
73974,8
41291,8
44847,8
66490,8
12981,5
79288,8
81358,8
77497,9
36794,8
102244,8
57084,9
82632,9
25122,8
85898,8
90939,8
26150,9
95012,5
48493,9
74933,9
91630,8
97396,8
83529,10
89693,8
85003,6
7935,8
89494,5
66805,8
50835,9
90154,8
45549,8
17754,9
41602,10
25711,9
68693,10
17248,9
29284,11
87789,7
57677,9
37949,9
5440,9
12840,9
15868,8
28404,9
11282,8
16382,9
6147,9
31196,8
85067,7
71637,10
100333,8
84613,9
31829,7
27784,5
45772,10
91349,9
89136,9
76569,9
36929,5
101996,9
86222,6
4354,11
21735,9
53185,9
69986,8
2998,11
86660,7
55359,9
8543,8
73460,5
24907,5
93340,9
35915,5
70281,8
16712,5
74992,9
30379,8
89118,8
73226,10
22580,8
93653,11
4645,6
16409,10
83650,9
87935,9
82963,8
88505,8
7910,8
10825,8
69798,9
84694,9
40005,5
25792,8
79997,8
25764,8
88287,3
2150,8
82230,9
101990,9
9169,9
11933,5
18292,9
41860,8
31492,9
99479,3
28797,8
83051,8
24962,6
83698,9
102139,9
29152,7
97252,8
1895,8
96088,9
43119,7
40785,8
76415,10
17779,5
61526,10
16291,11
67499,9
63526,5
91905,10
32357,9
17943,10
48581,8
57044,8
59980,10
93834,8
37114,9
25002,9
58755,8
15302,5
95755,8
96635,8
34884,8
33075,9
103596,4
76793,9
96840,9
97153,9
67107,9
69680,7
89446,8
14434,6
101220,9
7048,5
27797,9
17701,8
78207,9
96138,10
17343,9
87636,7
92552,11
53187,5
88305,3
73428,9
91913,9
87221,11
54519,9
88703,8
40334,8
41026,8
26735,8
55547,9
53031,8
79067,11
13418,10
95969,10
15122,5
59164,10
91295,8
66191,9
18379,11
30995,8
12559,11
95097,9
83290,9
22622,8
18610,8
62617,5
70080,8
12265,7
71089,8
92038,3
16540,9
55647,8
56186,9
93314,8
10396,8
81810,11
70248,8
72771,9
78105,9
93840,8
60431,8
103221,8
74474,9
57995,8
25807,8
99224,8
90846,9
81509,8
50894,9
8210,8
9543,9
26108,11
31617,11
88361,11
42573,11
227,8
1616,8
93656,9
51655,8
13686,8
55501,9
87764,8
85494,9
90288,8
75730,7
13522,8
84195,8
9984,7
56715,7
44999,6
56490,9
91957,9
35996,9
28862,10
96099,7
18014,11
93650,9
71568,8
89188,5
82098,8
69895,10
14190,9
79910,10
96476,8
98074,9
99160,9
93074,5
100621,8
96513,8
45411,9
56700,8
89402,8
28740,7
57416,8
44766,9
95142,9
85170,8
56546,11
14306,5
74246,9
11443,8
102063,11
49741,8
1917,9
87507,6
86384,8
32982,6
27676,6
89613,8
61654,9
95017,8
5770,5
4682,5
44562,7
74411,8
83458,9
49918,5
87454,8
67656,8
102734,9
98371,11
27345,8
18358,8
6569,9
84933,8
84590,8
18406,11
91281,5
69812,11
55740,9
83546,9
93300,7
82140,9
47344,10
96403,9
33349,8
60458,9
34275,8
3791,9
39710,9
64303,8
65932,6
48492,8
26326,10
42419,8
87567,11
68402,8
27019,9
85569,5
83100,8
77089,9
87620,7
27635,8
1808,8
81865,9
27978,5
40489,10
102875,8
5264,5
56253,9
79495,8
39360,9
34460,8
47323,6
46959,9
4088,10
85521,3
80401,9
64411,8
90414,8
3099,10
84909,8
8377,10
15920,5
92351,8
83241,7
17001,9
13754,8
33419,3
13782,6
101930,11
93744,10
44609,5
103387,9
16186,10
9774,8
632,8
93788,9
28370,7
103530,10
55285,7
56839,9
62848,7
96963,3
95661,11
19433,11
50376,5
72329,5
78735,11
91697,8
40731,8
94184,9
102801,11
31166,11
13518,9
49450,8
100206,8
85822,5
6453,9
37968,5
46661,8
70737,5
32485,8
90340,9
27495,7
44957,9
22708,9
2416,6
20657,9
75356,9
36221,5
69974,8
18770,9
84472,9
45352,9
65316,7
936,9
61502,9
28331,5
52813,8
98098,6
77784,9
28484,8
89259,9
90069,10
39413,7
100984,7
56308,9
27421,8
62068,9
78506,9
56572,9
23551,5
14502,9
84601,9
10459,7
31574,8
64917,9
10334,9
88177,11
67340,7
15697,10
95906,8
36452,8
78252,9
59714,10
52028,9
66484,8
36512,10
75853,10
82957,9
88123,9
55340,6
23648,5
48029,8
86751,9
7123,8
56693,8
91956,6
27803,10
62620,5
4336,10
49629,9
38519,9
80355,11
48178,8
41408,9
62074,8
55226,5
23038,9
17712,6
76643,10
94433,10
93895,9
87942,9
87204,8
99174,8
74036,9
83745,5
59791,8
85577,9
91386,11
4700,11
71296,5
90015,8
71745,9
93153,10
91083,8
29382,9
5742,9
74925,9
84573,8
96692,5
6538,5
6224,11
58908,9
80304,7
95614,9
82966,8
32856,8
20117,9
25966,2
73387,9
85439,8
12601,9
73662,7
77700,9
6278,9
82346,8
49563,8
40278,9
56809,9
14445,8
19944,9
73733,11
40998,8
11718,7
69882,8
71382,8
30594,8
96758,10
100183,9
79587,10
92364,6
61124,9
22327,9
82446,8
41925,8
9660,8
32117,9
68119,9
74604,11
70944,10
35689,7
44662,11
76518,10
76477,8
65775,5
102894,10
52923,8
80755,8
31453,5
13309,9
27609,4
49592,8
3230,5
96031,9
3331,8
11626,10
64385,9
79885,6
14506,9
97523,9
44845,10
100226,10
19090,5
4678,8
68014,8
70360,8
91787,10
73514,8
51669,8
31368,9
35787,9
74721,9
22588,8
35929,9
88989,9
57758,9
94013,9
94521,9
28052,7
10249,8
102503,5
47010,9
96129,9
36048,5
45889,5
6578,8
24757,10
79775,9
84117,3
55115,8
85008,8
1445,10
11251,8
39132,8
25866,9
90382,8
72483,8
84387,5
93487,9
85652,9
72659,7
85010,11
9615,8
3485,8
91109,8
1793,8
100275,8
92097,9
88619,5
49956,3
92564,9
75669,5
7541,11
50991,10
1296,10
53830,8
55019,8
58155,9
93903,8
41205,9
97598,7
97742,5
100995,6
14364,9
77877,8
1999,5
76610,10
1928,8
86551,11
21178,9
25476,6
62565,11
85579,9
47156,8
34388,8
45200,6
22395,8
17162,8
43609,9
58107,11
2585,9
93645,8
99244,7
963,9
84892,8
99901,5
85720,5
71097,5
47183,11
17146,8
4042,5
90755,5
26010,8
92087,8
31340,9
59671,9
62034,5
54093,8
90077,9
37285,10
30046,10
3248,5
69370,7
98048,10
27709,11
87289,8
74464,9
103515,9
87356,10
59643,3
53304,8
93473,11
34045,8
96623,9
46835,7
83315,10
80533,10
42824,8
87233,7
94218,9
35339,8
98689,8
34906,8
70104,8
1987,8
95276,10
71427,5
60030,9
92513,9
92523,9
62522,8
92684,8
87823,6
2675,8
79569,6
29879,5
43602,9
39807,8
50825,8
52300,10
51936,8
92876,9
7966,8
33989,8
91021,8
12352,8
97999,11
53754,5
85468,11
92758,8
65044,9
103472,11
101031,8
21448,7
10507,8
33395,10
20856,8
88672,11
81626,8
78574,5
62769,9
82016,8
65143,10
27036,8
26076,8
7670,9
31796,9
58825,11
32240,5
64714,8
96048,10
83317,10
13589,8
42378,6
2843,8
80804,10
15255,8
40348,8
92304,11
81402,8
2081,10
50455,9
69302,8
57900,9
83405,9
49443,5
89227,5
39749,4
37591,8
63181,6
4935,8
21813,8
20557,11
91600,8
7490,7
4302,8
58411,9
2683,8
73545,5
98068,8
52074,11
93993,9
17904,6
70109,5
39671,5
93447,8
54418,9
8308,9
12325,9
48522,10
62749,9
68458,10
31218,6
26322,5
32168,5
12007,4
81836,8
53670,9
96215,10
18562,8
88809,8
89909,9
94826,8
4831,5
19745,5
12956,8
93510,8
64638,9
45372,3
61391,9
13501,10
63525,9
43772,9
90148,9
50175,9
4416,8
36348,10
37474,11
41160,9
51691,8
88219,8
44985,8
102604,8
91311,3
1783,8
15713,8
57117,10
63073,6
90491,8
75275,10
57976,8
59935,8
24644,7
62035,8
64822,10
96148,10
79127,8
19406,9
36892,11
38659,11
67905,8
70765,9
47852,11
91902,8
73132,9
50707,9
11736,9
38831,8
45988,9
10884,8
80206,8
51079,8
63926,9
45753,10
87569,9
73307,8
22532,8
28692,8
44517,8
83155,10
15335,8
80037,8
76247,9
102492,8
4183,10
99069,9
79336,8
81855,3
52725,8
79255,8
56517,6
10785,5
54098,10
89791,8
88376,8
47123,11
80769,9
82658,10
31242,6
42826,8
5826,8
31205,9
49909,11
14223,9
3155,9
30494,3
86252,8
94078,10
38873,3
84587,8
71990,8
69942,6
78765,9
94570,8
70234,6
32420,8
64257,8
82552,5
59059,9
97255,8
80241,8
9478,5
75347,9
97416,10
467,8
15033,8
20730,7
20908,9
17941,8
93133,8
67647,8
50430,9
12061,4
46269,9
97082,11
79815,10
22394,5
43413,9
39549,9
84306,8
79557,11
14048,7
28197,8
16779,9
69702,11
5956,8
86948,8
16385,8
3802,8
63739,8
6655,10
54246,10
4667,8
14694,5
4646,8
41864,3
71443,5
84756,9
34849,9
75374,7
89498,11
87499,9
14796,9
73422,7
28010,10
92490,9
79521,5
62128,9
96975,3
76688,9
27550,8
61122,8
94801,9
5986,8
21401,9
8103,11
20148,5
4723,9
29233,8
89648,9
35559,8
76029,9
2575,8
24969,8
17690,6
39887,8
68186,10
28533,9
20795,5
56733,8
93101,9
3022,10
86562,8
30397,8
102101,8
41502,9
11717,8
4746,8
57654,11
74626,9
96482,5
79653,8
60257,9
26162,11
1518,9
14230,9
15059,8
85117,5
24609,8
34606,8
50575,8
57543,8
18786,9
203,8
88057,8
84489,8
60133,9
28682,9
7922,11
2162,5
100929,9
10457,9
10398,10
54967,8
61894,5
71500,9
78803,9
10764,8
77008,8
35311,8
50805,9
12287,8
84250,9
50781,8
82603,5
58021,3
65122,11
102164,7
90027,8
28237,9
37118,8
27496,8
80479,8
72497,10
82550,11
88549,7
83136,9
95267,9
33524,8
59508,9
43088,9
82399,5
92400,9
58244,9
45278,9
28107,5
79170,8
76087,11
28674,5
580,10
59052,8
90419,9
2986,8
87034,8
95701,10
46446,10
19330,10
85706,11
41546,11
41088,7
34086,9
24337,9
35626,11
15935,11
60054,7
1887,8
32173,6
93379,7
93944,9
32491,9
84339,8
52058,8
89586,9
30974,8
70601,8
52247,11
66340,8
74625,11
37837,10
8252,9
92120,9
82460,5
23190,11
35087,8
51715,7
26522,10
96734,5
41760,9
56990,9
289,8
16434,8
102477,6
29407,10
18327,9
13604,9
99608,5
99962,8
45893,8
24889,8
69963,8
77149,8
99071,9
87564,8
77147,9
60874,8
7104,8
73761,5
82810,5
91976,8
72682,9
50433,4
59184,9
76587,9
51135,5
87355,7
69399,9
93824,8
95721,10
57726,6
95673,8
60744,10
92660,9
9417,9
42523,8
82675,11
37450,8
21480,9
95931,7
38152,9
90045,10
102576,11
16549,9
84809,8
70013,11
28015,9
60803,9
101183,8
67375,8
100745,8
66771,8
67533,8
70796,7
102623,5
83598,8
56782,9
78742,11
83380,5
21621,5
45656,9
55719,9
50105,8
46626,8
89418,9
92458,9
380,7
61863,6
62109,5
55255,8
94795,8
87457,8
77857,3
90435,8
59642,9
73309,9
29912,9
18491,8
11560,8
75167,10
5642,8
32316,11
37991,8
83165,8
90062,3
83774,8
89072,8
98887,10
80489,8
93024,9
63196,8
100724,5
95625,8
32472,8
84092,9
82956,11
5999,8
39216,8
35820,5
83582,8
10376,3
68994,9
24098,8
38688,8
50681,8
12341,8
726,6
4153,8
37868,4
47388,8
87525,8
49429,8
4631,7
58246,8
49092,10
54112,5
44488,8
58871,8
77049,9
54990,7
54243,4
47904,9
92677,9
9445,8
18876,8
5460,11
8613,11
22472,9
94785,8
26623,3
59444,8
70916,8
56025,9
65907,11
57110,5
64900,9
28536,10
26968,7
80921,5
84773,9
98996,8
16831,11
42211,8
85734,8
58740,5
61925,9
72666,9
89264,5
73046,9
65032,5
12384,9
28868,8
47167,9
9394,5
59965,5
77987,5
73097,11
23657,8
82510,10
19552,7
16730,9
34285,5
49946,11
39517,9
2660,9
31816,9
91156,8
90498,9
35374,11
48707,11
96809,11
9540,9
76675,8
76578,10
7501,9
77084,10
49046,9
95282,11
83560,7
12743,9
37139,9
86356,9
13738,5
40123,8
80630,9
51073,8
73650,9
17395,5
26016,8
46879,9
100549,11
31367,9
51875,8
73569,10
15000,8
96005,10
818,7
89821,5
20001,8
81128,9
82809,11
39815,9
77353,11
20580,8
634,11
43825,9
37766,10
80647,5
47309,9
95471,9
64232,9
31660,8
12788,9
75111,9
18664,9
47148,11
92446,8
14309,2
83129,5
49269,9
68349,9
89975,3
50593,9
69049,9
33074,9
79763,10
78902,8
36889,9
68140,8
87974,5
421,8
88638,9
55040,9
92515,5
65071,5
100495,8
56160,9
70076,10
29566,8
47652,5
45817,7
30211,9
91691,5
16448,7
83178,6
84307,11
61406,10
64099,5
99144,5
44111,5
1161,10
82586,8
2031,11
77949,5
64281,11
24899,8
69442,10
94872,8
27796,5
1705,11
39185,5
26977,10
72106,2
13283,9
30245,10
100603,9
92654,8
17452,9
22379,9
27384,8
7107,9
3714,10
87969,8
68704,10
56807,8
74228,8
12440,5
63421,8
37312,9
37679,7
41924,8
1121,5
57595,5
1811,10
84428,8
62654,8
35209,8
100524,5
51588,9
22339,9
41275,9
29266,6
46729,8
61910,9
87272,9
2841,8
88448,7
64594,8
97884,9
23516,5
89487,3
73536,7
51399,6
78805,8
31214,8
66140,7
8002,9
3829,8
11586,7
89267,9
95284,11
721,8
31569,8
94789,5
2817,9
3414,9
68998,5
15857,11
95800,5
56437,9
71853,5
69284,8
95513,8
3139,7
9104,8
34783,10
13889,9
33265,8
30167,3
73070,8
61450,9
28034,8
67762,8
98570,8
51261,8
76428,9
24851,7
3545,10
12073,5
91971,8
9105,5
47976,9
2754,11
33431,9
100030,11
81501,5
32278,8
8737,8
102331,10
57695,5
56367,8
46611,8
28736,8
18823,8
67776,8
20699,8
77972,7
103392,5
96907,11
41611,8
44495,5
7234,5
89532,8
51089,5
93415,11
7727,8
43645,8
85586,8
19215,9
33399,8
102666,9
13565,10
34371,8
64029,10
57853,10
52911,8
9524,8
100949,8
50314,10
69831,11
92320,6
95974,9
88100,8
11881,8
86949,5
58248,9
97064,8
72174,7
91870,5
56176,8
31094,8
61023,9
40076,8
27587,8
82422,8
31459,5
91381,8
32773,5
39599,11
28058,10
84622,8
74027,9
86829,8
19754,7
79733,6
88565,5
86963,3
62623,10
37835,9
1298,6
47746,9
27524,8
2445,11
42292,8
79784,9
76318,6
77512,10
23231,10
63885,7
80137,11
84215,11
81728,8
17834,8
87726,8
96234,8
58068,9
78903,9
23024,9
79414,9
2153,8
67738,9
30656,8
13428,10
14587,9
72521,9
81770,8
96298,8
79799,9
86881,8
1269,9
45749,11
45251,9
67220,8
21228,8
80538,8
85769,9
82781,8
73350,9
67514,11
76759,9
90342,9
52710,8
86140,8
52284,11
85396,8
3630,5
78678,10
82336,11
60572,9
24388,9
9515,10
69997,8
81563,5
50058,11
80080,6
8026,9
54501,9
11647,8
85787,9
77653,6
12590,9
11686,9
57224,9
77095,10
31764,5
45247,8
83756,9
27364,8
76219,9
48129,9
45116,8
10177,9
89767,11
79751,10
28045,5
89057,11
83414,8
48965,9
48155,7
77490,10
31138,8
44518,5
63799,8
43574,7
102346,8
8066,9
16582,6
31330,7
17361,11
70698,9
20367,8
90467,8
17214,9
66789,8
44047,8
66657,9
88737,8
70015,5
40013,8
46919,10
49216,10
70627,5
38707,5
43441,5
31596,10
85844,9
22068,10
74568,11
89010,9
81245,9
82755,6
4003,10
3879,9
69272,7
8179,4
98557,8
74613,5
115,9
71631,8
28036,8
22782,9
29135,10
63933,9
102747,8
23827,8
77820,10
82200,9
91094,8
9174,8
45421,8
65631,11
54729,5
63849,8
45861,5
80560,6
27969,8
13196,9
85743,6
79655,9
10221,5
7133,9
66966,8
92777,9
31491,10
43984,9
60228,8
87132,5
14279,8
90484,5
48473,9
2327,5
90808,8
31726,5
73327,9
40441,5
84179,10
6438,5
60308,9
49555,11
96076,8
33925,8
90418,10
24066,5
28013,11
31415,11
50065,5
6419,10
83472,8
78539,7
31331,9
31914,9
32342,7
15555,5
22922,9
3009,9
98658,8
57045,10
46364,8
32344,8
44689,5
31876,9
92602,11
41098,8
12987,8
55225,8
65940,7
89515,5
102197,8
46579,8
30813,8
46652,11
96055,9
4324,9
70355,8
97302,8
73677,8
81333,9
65298,9
36188,9
90354,4
92337,9
47059,9
88079,5
52947,9
83778,9
91682,10
71181,10
19550,8
99968,9
18669,5
91690,9
13185,9
31200,8
88416,8
45621,9
54355,9
30536,8
62268,8
14247,8
52291,9
35703,9
15018,9
67101,9
62341,9
62709,10
77309,9
73999,8
88364,7
8900,8
44621,9
90764,5
96588,8
22838,5
41331,9
101181,8
13124,8
29672,8
66345,9
74958,5
80268,11
46507,8
83127,11
22084,9
85474,8
58737,9
29842,7
59951,8
2229,8
82724,8
39197,10
36327,6
90857,9
11594,8
38524,9
76797,9
3076,5
37518,7
50182,8
82145,9
73589,10
8228,10
78382,9
95994,10
5135,5
61546,11
44846,9
45531,9
6511,9
92884,9
55383,10
74576,5
50003,11
101158,9
75540,6
68266,9
20838,9
11205,9
93849,9
74608,8
62712,8
50024,8
79989,11
25032,8
15097,2
46859,10
83848,7
78673,8
94691,9
96417,8
84275,8
95277,8
43747,10
84254,9
43671,5
17916,8
82661,9
2434,9
89489,8
100010,5
93668,10
5060,5
58801,5
86756,8
85030,9
2831,8
31909,9
33390,8
26736,8
88103,8
78878,8
25245,9
91950,9
51847,8
65351,8
77589,8
46002,9
95054,9
13780,5
28368,5
74139,7
16864,6
3344,7
27391,7
77812,9
2056,11
72690,8
29204,11
88598,8
27253,8
102803,5
73860,8
73977,9
59790,9
85624,5
97676,6
88116,5
64935,7
83922,8
16296,8
81978,8
82994,5
87839,7
65053,8
5318,7
64491,9
35013,8
31035,8
18517,8
39318,8
28125,7
84266,8
10020,8
41702,10
65016,9
56652,8
80074,7
79540,5
28392,10
38837,9
12398,8
50836,9
89208,10
35873,11
58826,9
29956,10
14255,7
91917,9
65476,5
5748,8
85647,7
51076,6
96395,8
21192,8
77442,8
13861,9
79744,10
52828,9
87271,8
4476,6
44015,9
87756,8
36852,11
75571,9
87455,8
57698,7
90699,9
13037,5
99322,11
21585,9
91391,9
45650,9
78052,8
4176,9
44136,9
49971,10
66262,11
50254,10
83256,10
29651,8
37605,5
85437,8
77791,11
84534,7
8835,5
92214,10
87825,6
63754,9
24872,8
76297,9
60852,8
18766,9
92883,9
18803,9
80918,9
93105,11
60445,9
60329,11
52336,5
97627,8
28622,8
57597,9
1007,11
9791,11
90959,8
100099,6
1610,9
2604,5
78563,10
11031,9
39569,6
11966,9
92360,8
32264,9
43382,8
7458,10
45527,9
59700,10
90530,11
51508,5
95679,2
45543,9
42197,8
91930,8
84858,8
40475,8
51121,8
3016,9
76164,9
66266,8
3428,11
18084,8
20648,5
95845,9
19597,9
66554,5
17860,8
96381,5
90791,10
15042,5
85426,11
37894,10
41297,8
77667,8
79445,8
69775,7
74889,7
16184,9
78551,8
4062,8
97419,3
95172,8
95089,8
89844,8
73771,11
88264,5
57860,9
22319,5
42736,8
26635,9
38356,9
95723,8
50038,5
74056,11
47339,8
66279,8
75929,11
54933,8
59381,10
69912,8
67254,8
29906,5
103444,9
42578,8
13607,5
42216,9
28639,8
100134,7
17617,8
96351,8
81534,10
82345,9
83273,8
96677,5
56684,5
34809,9
20064,8
87633,8
60226,8
4106,10
40758,8
78958,7
90581,9
35214,8
82672,10
22670,8
38914,9
76006,8
63195,9
45044,8
50982,5
23904,9
96012,8
55859,7
76602,10
1642,11
18364,9
61543,8
84924,11
35254,5
42470,7
13012,8
31068,9
6907,8
75624,9
84748,6
95980,9
95122,5
7819,5
89176,8
62514,9
15876,11
81258,5
7380,8
72749,8
48618,9
49941,6
92943,5
58416,10
99871,11
10681,8
56370,11
60362,8
45081,9
62376,5
50343,8
81136,8
89839,8
92912,8
60594,9
87319,5
82551,8
57108,8
62384,8
18635,8
97392,8
20868,5
17164,5
90659,9
14562,8
82805,5
75547,5
62093,11
85664,3
7140,5
42954,7
11313,8
10532,3
35455,8
96802,11
78464,8
24120,11
22059,11
78092,9
71977,5
87423,9
48289,9
63439,8
59135,8
24983,5
97924,6
50629,8
99267,11
89490,11
92947,8
47366,8
41246,7
87208,5
16128,8
2490,9
74983,5
96745,8
85049,5
100146,9
81286,7
81277,9
41635,9
45978,5
1107,9
74358,9
82440,8
47061,7
84392,3
16225,11
55915,5
5107,9
89129,6
11593,10
44729,5
37319,5
21000,9
75514,8
89695,7
57878,9
69498,8
22444,10
82052,9
102138,9
12119,6
55974,9
63022,8
35425,11
59927,11
102563,10
52421,9
34974,9
18964,9
32507,7
88682,9
78750,7
42559,7
47547,9
85739,7
100365,5
83409,11
6327,9
12844,10
52986,5
99416,10
89858,8
48592,5
8017,7
46220,11
68399,8
83122,8
80920,8
83478,10
66711,8
50467,5
47737,8
99750,11
31849,5
95710,10
90284,9
97284,11
85397,9
91329,9
87875,8
31009,8
2012,5
53747,7
19219,9
45179,11
94194,8
71790,7
38698,10
59421,8
3771,8
98325,7
71538,6
57051,5
30026,5
92158,8
82934,9
75080,8
87822,9
93652,10
19207,9
88775,7
99672,5
77258,10
44065,10
85826,7
81511,8
91338,5
94476,10
46544,10
36652,9
1325,8
46514,9
47326,10
10243,8
35986,6
93815,5
65150,11
9112,8
32453,8
44190,11
363,11
102077,10
57159,11
11843,11
14653,9
3595,8
28895,10
68499,5
31722,9
55147,9
41861,11
28729,11
4993,9
102700,7
87369,9
84650,5
44198,5
86717,8
27018,9
89539,8
57151,9
67470,9
65641,9
18330,7
57859,9
27760,5
80546,8
8095,8
43356,11
34713,8
47140,8
24417,8
103467,9
55164,8
84478,9
3744,8
22175,8
63055,10
95935,8
18352,8
31388,9
91964,8
51990,5
75905,5
58420,9
79135,7
75391,8
69828,9
41524,7
68128,10
88769,5
71517,11
49747,8
62462,11
66361,9
23939,8
85435,8
8808,9
37672,9
36959,11
88999,6
21744,9
70606,9
45099,9
30503,8
6601,7
10345,7
76789,8
79334,8
37266,10
37791,7
84021,5
51897,8
24798,9
61746,5
95979,5
16515,8
55771,8
74148,7
29108,8
89862,9
45747,9
69550,9
48713,10
53353,9
17447,5
34525,8
93707,5
82063,3
66635,5
76591,10
102588,8
26872,6
6204,8
59039,9
95597,8
85663,8
72365,8
27392,7
31553,5
28620,9
74343,11
8386,8
39856,10
29427,9
37105,9
86363,9
66813,7
59725,11
2393,8
53137,5
85416,9
24869,5
55312,11
37858,11
96798,8
34488,8
91142,9
54431,8
56454,11
85378,3
22933,7
95670,8
27166,11
89058,8
44126,6
52549,8
62247,7
16099,7
83988,9
24425,9
39645,11
56732,8
88338,9
86130,8
19151,9
87023,8
98146,5
6233,9
76459,11
93382,9
81718,11
36095,8
81578,8
66043,9
50031,8
90525,8
40491,9
54230,5
75987,8
98214,8
5567,5
5349,11
57855,8
89198,5
49073,8
19635,3
52045,8
3882,11
89913,9
3206,5
23518,11
5134,9
96970,8
4094,9
61444,7
42382,8
6051,9
56297,9
67548,7
54495,5
63176,9
17011,8
97887,8
84749,8
65835,9
53053,5
100425,10
12872,7
76770,8
22241,7
72264,8
25016,9
92345,9
52619,8
5514,8
102572,9
94612,10
77128,8
86425,3
47629,9
41520,8
27897,9
11919,8
63553,4
75174,8
92110,8
41309,5
22004,9
38773,8
91446,7
99155,10
54092,3
5846,9
51370,9
78141,9
63995,6
57894,5
57693,8
59924,8
1896,8
97349,6
70354,9
31204,8
62643,8
96197,7
77377,3
5959,5
94033,11
88191,9
81451,9
43975,10
22607,10
28474,8
68590,11
78062,11
29347,3
85689,9
95754,10
49693,8
76525,11
48854,8
87505,9
16164,11
78824,9
8972,9
17424,7
14706,9
13746,10
103140,10
97863,9
90263,8
91444,7
24823,5
46210,8
51754,5
59509,11
1710,10
91103,9
86808,10
82862,10
97171,8
66785,8
95105,5
66829,9
185,9
88714,7
89223,9
70687,10
20442,9
41920,7
80763,8
16547,8
84388,8
94159,9
37200,8
66232,9
35405,10
53849,5
64994,8
57391,8
47440,5
70308,8
16764,8
78813,11
844,9
60325,8
96510,10
84219,10
83894,11
43845,8
87477,5
38642,9
74300,8
26980,8
35922,10
1221,8
97655,9
2386,10
61448,9
40751,8
98080,7
82639,7
26593,8
100648,8
5614,9
56671,10
36542,3
60374,8
91135,9
91719,8
54232,8
19447,11
53195,8
96582,8
87746,9
13850,8
21970,9
624,8
25538,11
85418,8
82600,10
28410,9
46454,5
97976,11
5479,8
70611,9
64030,9
25348,5
6774,8
90654,7
59391,9
72957,11
95660,8
78356,8
22429,8
81892,8
7473,7
78948,5
98330,8
30277,5
89334,9
69346,10
79759,9
52528,11
27452,9
64798,9
71153,8
10098,8
51844,8
64426,8
60839,6
92916,9
77591,10
50915,8
89774,9
43947,8
11681,8
99133,11
31763,9
102140,5
34363,8
91706,9
32006,11
50452,8
89524,11
83679,3
43540,5
74508,9
21287,9
70997,9
84602,5
103077,3
63252,7
26646,9
30158,10
44036,10
97273,9
81789,8
6662,8
470,9
20928,5
1983,8
96768,7
97897,7
75873,10
84570,10
48632,8
100849,9
82044,7
80734,6
67813,8
44624,6
20561,9
29984,11
29669,7
70170,9
9658,8
75010,9
71816,9
91546,8
77609,9
41328,7
95269,7
51555,10
49915,11
6544,8
57289,9
98635,10
89038,9
66491,6
50006,9
89096,8
5204,10
80866,5
99618,8
19156,8
58171,8
80696,8
86869,10
33774,11
91403,9
40287,9
86802,5
16965,7
43325,9
63806,8
78734,8
62116,5
9572,8
2528,11
98578,11
63316,9
57712,9
64383,9
83950,8
56720,8
98730,9
34179,9
94255,9
16618,9
91480,9
78167,10
97189,8
55882,9
33870,8
92638,8
85316,6
34295,9
1469,11
77967,8
88418,9
55261,8
4307,5
70306,7
48798,7
28801,10
16973,8
32322,11
66246,10
74565,9
60966,11
85133,6
11814,5
43100,9
74467,8
66411,8
88982,9
36689,8
48963,9
17740,11
64797,10
74987,8
46480,9
25565,6
81681,7
72720,8
78242,11
42084,5
92229,7
55030,5
13730,8
56079,9
77596,8
81607,8
51245,9
29154,8
78627,8
79563,9
28963,8
91717,9
63188,9
32020,10
89328,8
29933,9
79914,7
85786,8
50335,5
82930,8
44246,9
27499,8
46357,11
102953,9
67661,10
89409,5
35534,8
103553,10
32708,9
68847,8
45703,9
77577,10
53159,5
1375,8
24464,7
79182,9
97282,11
74203,11
35430,9
52732,8
33040,10
19185,11
34503,9
41471,8
7578,8
51387,10
74426,8
100167,8
74122,10
33041,8
23006,9
3742,11
48814,8
85517,7
29165,5
87586,5
19725,7
48937,8
34642,8
8,6
57941,7
92013,5
29629,11
33232,11
31782,3
88566,9
88424,10
102383,11
100631,10
63872,9
77401,8
14050,11
35718,8
88516,8
92977,10
73212,8
56964,10
22411,11
8013,8
95278,9
80565,8
24536,9
39273,9
88503,9
46389,9
45725,8
80628,9
87656,9
63752,9
78218,8
61103,8
26192,11
13400,9
73305,9
744,9
57222,9
40944,8
27017,9
90448,11
18142,8
99465,9
2449,8
45676,7
93016,11
99006,9
6253,8
72516,2
20649,8
3803,8
70119,9
74276,8
25180,9
74129,11
103187,10
79113,5
52491,11
90353,8
32064,9
50151,10
82148,8
2672,11
92628,9
69154,9
26805,8
27163,6
48433,5
85036,9
43102,7
44053,9
95506,10
81934,8
30432,9
48172,10
93914,9
25246,8
85189,9
60205,9
54583,9
49486,9
103568,9
30202,7
32105,8
19517,8
56797,5
81788,8
58479,9
70459,11
41691,11
102461,5
92098,9
93527,11
76357,9
57479,3
45589,8
66504,8
22161,8
5364,8
5448,8
79240,9
86923,11
16847,10
43452,11
33364,8
20184,10
46112,7
95193,8
52328,5
272,3
63958,8
82735,8
65942,8
15449,3
32440,9
67643,9
74552,8
42014,9
5258,8
18784,10
72673,3
40760,7
8365,10
68599,10
87400,9
80959,8
99847,7
29754,8
13590,9
14457,3
50415,11
28075,8
100168,8
78642,7
24755,8
14886,7
81668,10
91825,9
55098,10
36060,8
5143,5
51313,10
1991,6
12821,11
28881,8
51986,7
44146,5
31046,11
50267,8
94431,8
48353,8
95094,5
49524,9
53761,9
79280,5
103575,8
10464,5
58223,8
57738,6
88701,3
27726,9
60077,5
76206,9
98874,8
87393,7
56382,7
42497,9
92491,9
1978,9
85794,8
98919,10
14297,8
97160,10
4634,8
18871,8
48383,8
52143,5
30842,8
62695,8
77125,9
50443,9
88967,5
89933,8
58359,9
31639,8
63765,8
97398,10
45277,8
81215,8
69633,8
56108,8
14349,9
47231,9
31732,5
63027,8
15215,5
19753,5
38493,5
38674,5
44715,9
71386,9
52626,9
95281,8
95742,8
68973,8
99297,9
83827,8
76499,8
46222,8
58477,9
75859,8
48903,5
18064,6
74455,8
3122,10
30461,7
40128,8
61336,9
80272,5
365,8
94288,7
68770,8
37574,8
83022,9
89832,11
71135,9
90766,8
30073,5
4180,7
4329,10
94793,8
93223,8
23669,10
80164,9
5973,9
87424,3
93231,11
92554,8
3764,10
90059,8
70231,8
83037,10
16218,10
17301,8
43622,9
29417,9
69460,5
86589,5
61525,10
51744,8
78653,8
70094,10
49136,8
103085,6
102294,8
97696,9
72218,7
19423,8
2715,8
57541,9
77524,10
94943,8
50332,8
37283,9
102300,11
1810,11
32617,8
81072,7
2519,10
51102,8
48568,6
90156,10
102741,8
87555,8
36144,9
90503,10
24716,8
98783,8
55626,5
83217,8
89393,11
154,10
57946,10
58018,8
59254,8
2230,9
88751,8
60108,9
29563,8
55660,6
97218,10
90650,5
91472,9
2064,11
88064,9
102458,8
55666,9
6915,8
35595,4
70267,9
46209,10
103298,8
62010,5
85692,5
95590,10
32449,9
18490,9
91721,9
66750,8
4780,8
30372,8
72316,9
78358,8
88442,10
53628,7
102041,10
36747,11
85583,8
92719,9
82722,9
42176,8
68855,8
91372,9
31724,6
83967,9
53083,7
91984,6
14013,7
11005,8
80882,7
103658,8
99929,9
77756,9
56128,7
53535,8
102156,9
52849,11
82305,9
20120,5
35984,8
92313,8
78328,8
10066,9
73261,9
102489,8
53257,10
84406,10
40978,9
97452,8
53845,5
93768,5
51547,8
7019,11
29265,8
94656,8
71268,10
51977,10
84791,8
102788,8
3687,9
15071,7
52676,8
28950,7
393,9
36956,8
53237,8
94755,10
6672,3
94181,5
69109,11
74172,11
16071,8
76009,4
20549,9
54630,5
97695,5
17540,9
47964,8
101655,9
10773,8
52111,9
58664,9
26110,10
83863,9
31754,7
1782,11
59430,10
72197,10
81442,9
74372,8
75889,10
40536,9
41717,8
66064,8
94426,9
98228,9
94601,8
29232,8
50957,5
96007,5
78366,9
63010,8
97809,5
86878,9
61160,7
61761,5
68697,7
87472,9
34311,9
68834,8
42426,9
49551,9
32550,11
50161,11
26226,6
72772,11
59899,9
82427,4
75220,10
952,7
40307,5
38879,9
53057,6
55911,11
79147,9
95678,10
32233,10
9126,9
62036,9
3994,8
14631,3
25968,9
53309,8
85208,8
82041,10
45990,5
32995,8
81523,9
57813,9
65554,10
95475,9
1343,10
4665,8
1505,9
53687,9
31120,9
7311,11
97967,3
103083,7
16522,9
49886,7
46400,8
69099,9
103308,11
13244,8
94649,9
64648,5
85372,9
28049,9
59964,11
25576,9
49677,10
55238,8
69331,5
25567,9
70198,8
58497,11
2593,11
66633,7
8527,8
49627,5
60412,9
42400,11
86152,8
17899,9
51054,6
39979,7
50449,9
40245,9
45850,7
37493,11
29892,8
92151,9
23616,5
60886,8
102210,10
73043,8
8106,8
28351,5
8643,9
44537,8
90456,7
94374,5
69824,8
6652,3
8157,8
58640,9
43659,8
30289,11
76268,7
61821,5
65332,8
91276,8
3865,10
38563,5
8363,7
81053,9
1768,10
90400,9
74226,9
14981,8
84119,8
54573,5
61109,7
88158,8
46191,8
54422,8
5430,8
81202,7
23096,3
10744,11
103541,9
83519,5
24619,8
39418,5
6557,9
8764,9
74285,11
11110,9
67009,10
89440,9
86588,9
6458,9
3430,10
28492,8
59344,11
71068,7
80958,5
77376,6
37437,8
6351,8
65426,10
64795,8
54641,11
37282,3
88357,9
28367,6
63336,6
75790,8
65610,9
25797,10
96708,10
80265,11
80607,3
65339,5
7451,9
19047,8
90504,8
66520,8
7373,3
88827,3
75482,11
52591,8
9655,5
72432,8
1618,9
18867,8
7058,9
17259,10
4123,8
38645,11
94391,8
10358,9
87122,9
1263,9
65145,5
95612,8
40343,11
45340,6
91020,9
36142,8
61012,11
75089,8
71924,8
46225,8
7103,9
2272,9
66725,9
100768,9
31552,11
27889,5
24009,9
22290,10
92921,11
100552,9
29857,8
10391,8
3546,4
94071,8
100460,8
79881,8
2066,9
83597,5
55051,8
96284,3
47336,8
1853,9
58671,5
15029,8
79387,9
52660,8
98774,7
31079,9
25200,11
26579,6
16494,9
8936,8
85919,10
63113,10
55251,11
89092,9
7428,5
89856,10
40014,9
31446,9
11725,8
91333,5
97463,10
66276,8
92993,11
46538,7
91200,10
12465,8
29287,8
60695,8
60302,5
38380,9
21643,8
39050,9
72385,11
78176,3
79662,8
31521,8
35271,8
2556,11
80572,11
56332,10
6611,6
35123,5
21133,7
49019,8
59445,7
33482,8
10763,11
59097,7
78434,8
55706,8
49514,6
67151,9
28120,5
95323,8
79580,8
92764,9
641,8
11621,8
4330,10
74783,10
95832,10
65067,11
72367,8
99211,10
15365,9
26215,3
78703,8
21639,7
29749,10
9215,5
82082,5
37543,8
59868,7
20553,10
92449,9
62414,9
74302,6
89226,9
12633,8
80561,5
96522,8
1101,8
81889,8
45213,9
45710,8
59546,8
93584,8
57349,11
61959,10
90073,8
63461,11
36440,8
100390,5
32701,8
81218,9
10932,8
14668,8
30511,6
87940,9
58848,9
68068,9
32889,9
97090,11
25595,8
17107,9
74650,9
65034,8
84596,5
94602,9
43634,10
83193,9
84444,8
53052,11
83320,7
68010,10
71106,9
61690,10
31069,9
28913,8
67262,9
38893,9
81695,10
25756,9
85035,7
4788,10
85179,9
53458,10
71536,9
1547,10
86820,5
71473,3
74367,5
84048,8
29804,11
33723,3
7345,8
31355,9
26048,7
75399,9
7348,9
12419,9
27918,9
46318,9
65300,4
53726,8
11159,9
249,10
20097,8
36940,7
77848,11
17309,9
61608,9
78295,10
96956,9
89437,8
28869,9
20528,11
22486,9
83694,10
89110,8
61919,11
62925,11
1027,9
71843,8
100890,8
102287,8
30105,8
66424,8
15143,11
76335,9
3508,10
6548,9
59058,7
64803,5
2182,8
43150,9
41474,9
25452,10
30509,9
30346,10
87411,8
79917,8
91602,6
8114,5
34067,7
93912,9
34672,9
48788,4
34907,8
7424,5
76846,8
5810,8
74042,8
6139,10
57936,8
14760,8
44135,9
52944,9
83489,9
98342,10
44227,8
5957,8
13623,8
74863,5
4382,7
3551,8
31805,9
78126,8
92418,5
87240,8
62510,9
17924,9
73390,11
96443,10
70593,5
29680,8
94121,3
46918,5
61177,8
52108,5
49230,9
81937,7
103113,8
49991,9
11040,5
88214,6
33619,8
20070,8
83319,8
39990,8
93551,8
100079,8
39660,9
38544,7
98094,11
91601,8
60467,8
15175,9
4124,6
62719,9
47802,9
71156,9
43620,9
66545,5
10511,8
71604,9
62837,11
22187,10
80517,5
71832,5
85704,8
89618,9
20229,5
57629,8
62439,9
59829,8
79224,7
99563,10
88911,9
3784,9
9265,8
55966,8
89812,10
62663,8
81625,9
32471,11
84525,9
82425,7
33111,11
82558,8
23530,8
75620,9
76195,5
58595,8
49463,9
4980,9
87417,9
83043,6
97468,11
103235,7
79188,6
96902,11
87911,8
92301,8
87155,7
68928,9
3246,8
88034,8
102382,10
52175,10
96841,3
55268,9
92788,10
22458,8
91919,4
32243,10
38764,5
91439,11
82407,10
86568,10
11028,9
28629,11
93087,7
70767,8
67801,8
75421,4
28787,6
77707,8
34770,8
6807,9
86037,9
84730,9
6650,9
34685,5
18422,8
94291,8
26005,10
90025,8
31241,9
89496,8
38481,9
72978,9
38147,8
5388,9
50552,8
25013,9
47241,8
37453,10
5697,8
80938,8
73549,7
81243,8
43312,9
71226,8
50190,9
49616,9
78122,8
64175,10
79249,7
84758,9
48476,5
91875,7
39519,7
39384,10
77915,5
86745,10
33004,11
89130,11
66236,8
92507,9
85840,7
17707,9
37418,8
75849,9
22387,10
28447,5
16226,8
94297,8
99164,7
60634,8
62344,9
77521,5
17781,8
39657,7
90188,5
66604,11
103260,11
9404,8
89103,9
18663,10
90801,8
84866,9
83607,9
96572,9
85548,9
87105,9
80904,9
26034,9
85074,8
71665,9
7212,7
34803,7
31541,5
92233,5
46890,7
29780,9
15443,8
33975,9
35117,5
100077,6
103146,7
19769,11
64967,8
8700,8
99279,8
2112,7
79781,6
39217,9
94742,8
97894,9
96295,8
13842,9
70814,3
78209,8
40066,9
91479,8
55962,10
42478,9
73369,8
63105,8
73279,8
85166,7
33248,9
92363,7
50560,8
13791,8
17186,9
90812,9
89906,8
48883,8
38129,8
35863,8
47621,8
2503,9
24578,8
43447,8
71981,7
25917,8
60369,7
31505,8
97072,8
67950,7
91210,9
82008,9
91290,9
87471,9
97443,9
20999,10
12910,8
4350,10
16538,3
3618,8
86670,11
39326,9
63032,3
73486,11
2349,8
15170,5
51764,10
39915,10
36713,8
65155,9
93674,8
31867,11
51894,9
14600,7
23961,5
33976,8
89530,11
97342,9
1204,11
78365,9
84553,5
10845,8
87579,8
85258,8
55685,8
18779,11
3610,5
84056,11
76218,5
85031,8
8248,9
13722,3
64410,9
86908,8
73831,7
41714,10
103355,5
25831,9
56696,9
31898,10
60983,10
69055,9
65323,8
97025,8
59866,8
99601,11
35388,5
60134,9
58003,9
60049,11
61883,10
25898,9
62119,9
73281,9
30022,7
67944,8
31215,9
10936,8
64165,9
62402,11
7968,9
39164,10
25528,8
85054,5
31808,6
92201,3
26460,9
87172,8
79806,8
2291,8
28240,8
71415,9
61997,8
41490,9
72006,8
213,9
57657,3
96988,9
99654,10
102762,8
86579,3
59003,9
22941,9
86636,10
50334,8
81049,5
24288,8
91095,9
98883,6
15599,11
91843,7
6334,9
75014,8
61225,8
77177,8
103371,10
81859,9
7550,8
45475,8
96407,8
86966,9
87741,5
56022,8
88258,9
88688,8
99632,10
31545,9
30128,8
51124,11
75153,11
29606,11
34364,3
96933,9
90651,10
46882,8
35768,8
89920,5
74185,9
13877,7
17686,8
62740,8
98060,8
72872,9
14972,9
59223,9
13684,11
37581,7
16796,8
56458,9
24836,8
81832,11
94786,7
54379,9
4419,9
81973,7
2218,9
46813,9
19662,4
43121,5
54982,8
100043,7
74079,9
6001,9
63615,10
66219,11
102146,7
32169,9
12723,7
86724,9
69253,11
22236,11
15526,9
89647,9
9234,8
42466,11
6328,8
46786,8
3064,9
92215,10
94398,7
6483,9
60624,7
88391,9
58890,9
92691,10
100747,8
62463,8
51406,8
24325,8
26581,7
25730,9
36530,9
18628,9
81513,8
54170,7
3952,9
63733,7
35885,8
19553,9
16342,8
96247,8
61297,9
56189,9
68501,10
92075,9
79757,10
52943,8
5769,8
1198,9
49755,9
79635,10
41033,8
8517,5
59736,6
90071,5
34430,8
62076,8
93034,8
37155,8
3566,5
81687,7
86859,8
65127,9
92232,9
63793,6
96274,8
43349,5
31520,8
48938,8
9210,7
52716,5
59158,11
53981,8
56236,9
50173,8
2670,7
83911,7
71885,9
85455,10
41670,5
83875,5
40790,8
22890,9
87226,8
86432,5
40351,8
89266,5
59566,10
72507,7
1633,5
75148,8
93698,9
87725,9
83686,9
82938,8
4471,8
92541,10
34869,10
58540,3
22639,8
47849,7
2536,8
96003,10
12511,8
99070,11
87277,5
28113,9
103103,5
13149,8
95067,7
20683,8
30008,8
36991,10
73770,9
76496,10
85755,9
27405,11
59060,10
94256,8
94216,9
76107,11
91851,9
48757,8
57458,7
53350,11
87445,10
73815,8
92832,9
8496,8
56728,8
78716,5
79419,8
79345,9
85539,6
2415,8
10275,9
49930,7
76672,11
59447,3
72689,10
21117,8
86821,9
84774,8
87183,8
33748,8
60347,9
86191,5
87559,9
84286,9
19902,11
79766,11
84816,11
26728,5
98253,8
74182,11
79124,4
58170,9
48022,8
93203,9
103164,11
87415,5
10037,8
86322,7
17791,11
46108,11
35727,9
82123,10
83559,10
17037,9
58274,8
56680,10
85257,11
45897,10
46485,5
102957,9
23624,8
68417,8
89344,5
92178,9
83940,11
7313,7
55889,9
85665,5
87188,9
40693,8
96720,9
6835,5
75150,8
31134,8
73987,7
100261,7
99002,10
14625,5
35236,11
11235,10
61287,9
11074,7
84645,8
87603,8
77817,8
46673,8
3585,8
10323,8
12873,10
23360,11
42244,7
6649,8
7800,7
14245,5
55999,8
91782,8
90281,9
90351,10
103400,8
40138,5
10723,8
36577,10
73741,8
99295,8
18895,10
84947,8
21904,11
981,8
88876,3
20768,9
50877,6
57204,9
57324,9
91274,9
96390,8
10861,8
98611,8
33382,8
25641,8
99246,10
92676,9
84194,6
2480,11
61735,8
76812,8
84405,7
37666,8
26685,5
41824,11
45770,9
58652,9
88953,9
98781,9
247,8
39142,6
404,9
17971,8
85369,9
60204,9
81013,8
33746,9
7569,8
96418,8
17554,5
91009,11
77253,8
54776,8
96004,10
56711,9
159,11
73732,8
87774,8
26001,9
80939,9
9103,8
92254,9
36985,9
23811,7
100979,3
100705,8
88169,8
102767,8
71114,10
16351,10
36560,9
45562,11
96292,9
102519,5
55468,10
83887,8
93651,9
88718,8
28571,9
29557,8
18202,8
24786,5
7654,7
95322,11
79727,8
4342,8
2612,11
85366,11
5736,8
107,3
100732,9
1024,11
87777,8
32652,9
38277,7
91286,9
81481,11
89158,8
80899,9
56368,9
33509,8
27714,8
44298,9
44372,9
674,8
91614,9
29902,9
77514,11
1160,9
18028,8
65502,9
96936,9
81084,6
54970,9
31078,8
79243,9
9343,8
68969,10
12804,9
97826,5
60908,9
94973,10
73558,11
10989,8
89571,10
53686,7
30296,8
22888,8
50841,9
34325,8
62143,8
97570,5
52478,8
86210,9
89084,9
80311,8
44322,9
4570,8
5092,8
97364,8
42680,7
45391,8
26391,8
14718,8
78324,10
18488,10
60031,11
40162,10
33207,9
56222,6
83804,8
52019,9
77623,8
87351,9
35512,8
68039,11
90000,10
33464,8
63208,8
97828,8
30943,8
87888,8
44992,11
61241,10
28225,8
89476,8
2104,9
91750,8
58121,8
85625,8
33562,8
21281,9
85223,8
86836,8
94000,9
75674,9
73689,9
83796,9
64948,8
40406,8
63437,8
40835,9
76305,9
53553,7
346,11
73828,8
69048,10
96828,9
87548,8
10718,8
89907,5
22012,9
10354,9
14148,5
102094,9
54028,8
85016,8
63051,8
75303,10
86587,8
82819,9
85188,8
92536,8
34653,8
51155,8
79202,9
22852,8
65980,6
78179,8
9387,5
13313,9
87354,8
39548,9
97041,5
56240,9
44443,3
57653,8
75235,9
2602,6
86683,9
30029,8
14870,8
87694,11
63379,9
20444,9
78657,8
87804,8
34028,9
90161,11
60434,7
60485,9
82389,6
62782,9
54468,8
80775,3
88949,8
64527,8
30076,9
56094,9
84802,8
10480,9
2259,9
98801,8
9283,9
6239,11
94846,9
22224,10
88885,8
62451,10
83564,8
88049,8
11337,9
101914,8
84771,5
91987,9
58980,9
47096,9
13598,5
3857,10
49142,9
28050,11
80297,9
8792,8
52071,9
14079,8
96297,7
97544,7
25329,8
18665,5
33117,8
90609,9
55405,9
96560,8
26064,9
83945,9
51675,9
4876,8
81293,7
70055,11
90828,11
59013,8
65185,9
71050,10
83204,9
11516,8
100622,8
50011,9
51498,8
82347,9
85281,9
89871,9
7264,8
75175,9
76130,9
67966,9
85296,6
69045,8
42192,5
6546,9
15208,8
48706,5
27868,11
71486,8
71684,11
29206,9
51186,9
8399,9
29259,9
26336,10
100457,9
73548,9
18768,8
83899,8
45931,8
77201,8
83553,8
72293,10
76384,9
99286,10
95453,9
83835,9
54954,7
33082,9
71152,5
85938,9
79585,9
46871,9
61396,9
92614,6
71862,9
85658,8
82077,2
77897,8
19137,8
1952,8
95246,8
96188,10
63412,10
59977,9
47918,8
17157,3
81490,6
21381,9
83259,5
24436,8
36609,9
18058,8
92195,6
40216,8
43797,9
96733,8
20115,8
49635,9
102215,8
89378,5
83604,7
42880,5
399,9
27656,5
20057,8
88156,9
89187,8
46179,8
80563,8
94254,5
57817,6
93334,7
65149,5
58813,3
13978,9
76069,9
13344,8
34019,8
78232,10
79340,5
69026,8
16743,8
56765,8
1962,9
24598,7
97749,5
90628,8
37272,8
86788,9
102280,8
1240,5
89274,8
88200,8
99153,10
54538,11
32053,10
52304,5
61757,7
71435,10
91931,9
87554,11
26083,8
13032,8
13494,8
34725,9
55421,8
46359,8
83625,9
44086,3
37930,11
62698,5
98424,9
91650,8
87605,11
45282,9
93793,8
43762,9
93437,8
5654,5
69847,9
19254,9
81818,9
74785,10
43998,8
86243,8
19714,8
15749,9
8599,8
60081,9
96680,5
41781,10
76946,9
30847,8
6944,8
16734,10
24577,5
80661,7
66674,8
79429,9
40780,6
24997,8
88984,9
66660,8
5621,8
78254,8
95409,11
59517,11
61084,8
6879,8
41892,7
8907,7
97844,9
73039,9
21972,11
53506,8
54802,11
84049,8
46130,7
29472,8
82076,8
45110,7
43428,8
63339,8
55119,7
76342,8
94094,8
74674,8
97791,8
27234,10
35098,9
94684,8
100754,9
98899,10
30059,10
6183,8
59312,10
42531,2
55542,5
83874,8
925,3
6261,9
46007,5
769,9
39292,6
31220,8
4721,3
56952,8
89077,8
11829,9
64507,11
44137,3
29374,11
4177,11
57592,8
65158,5
64619,8
93026,8
60396,9
40515,9
72564,8
6813,9
51307,5
3157,10
89318,11
90603,9
55864,6
76290,5
7183,9
90954,6
81062,7
97825,8
15827,8
42042,5
90932,10
19808,7
79536,6
28547,9
1980,8
53950,11
3306,7
86331,6
3565,8
70333,9
86417,8
74782,8
50684,5
55972,7
31411,8
8985,7
19100,9
26849,9
75843,8
92295,8
79295,8
79717,8
14813,10
33988,7
11403,9
90084,9
48637,8
34,8
92474,11
23694,8
61978,9
90691,5
718,8
98327,5
76092,6
65790,9
87334,9
47876,9
37090,8
78391,9
62860,11
77334,10
80448,11
8022,8
91474,9
37871,11
50693,9
83793,8
73895,9
33718,8
35247,11
9348,7
90149,9
98212,6
99560,8
72254,11
34480,8
617,10
73290,7
31066,9
63717,8
80988,4
82655,7
91681,8
70427,7
86357,8
59112,9
69638,8
99203,9
17722,9
67622,7
91819,8
19260,8
100591,9
89215,3
44239,8
28604,9
77550,6
87826,7
6609,6
88698,8
29556,8
37892,9
24197,8
1821,6
73010,8
41074,9
17556,8
27985,11
24266,8
27779,8
96926,10
25933,7
45138,9
1930,9
30560,8
88469,7
45567,8
82563,7
70280,8
85813,8
25127,10
67450,8
56125,8
28393,9
50045,8
1986,11
97965,11
96642,9
90441,9
82045,8
76937,9
86299,5
1238,9
74803,5
54101,9
68304,5
82378,10
1619,8
27375,8
90052,5
94171,8
12176,9
103005,11
93400,10
43427,8
70019,8
75876,9
33522,8
27066,5
10071,8
47847,9
47328,8
85259,8
13862,8
60677,9
90705,8
91336,9
102981,9
9503,8
57689,10
87775,9
52893,8
56859,8
36065,8
17911,10
25652,9
92091,7
37840,7
64929,8
13664,8
37623,8
53174,8
93273,11
21788,5
82491,8
54766,9
51976,9
64863,8
37331,9
40870,9
13388,11
72255,8
61773,11
53515,6
57432,8
43593,8
46482,8
9095,7
59967,9
99250,8
71295,6
48540,9
76996,5
77,9
56047,9
68762,9
102547,8
96616,7
20392,8
83232,9
27359,10
9078,8
77397,9
84115,8
40626,9
100571,7
4226,10
10347,8
27526,8
70303,8
71595,9
77946,8
34082,9
48142,9
46466,8
32374,9
70404,10
2890,10
63874,5
8861,8
101970,8
94367,9
13215,10
75918,8
43,8
75395,11
76411,10
57721,5
52384,8
61899,8
67415,8
89252,9
58809,9
26390,11
43835,8
40516,9
7797,8
86886,8
60349,8
60447,8
4128,8
71237,8
42521,9
14301,8
76111,8
40895,9
79840,9
7169,8
102029,8
25757,10
95983,9
28478,8
8006,8
11272,10
64890,8
26022,8
334,10
9279,7
32887,9
44536,9
92757,10
3502,10
51993,8
73014,8
14966,9
18828,8
27282,8
36275,5
92373,7
19378,8
35524,5
69732,8
10301,8
11525,8
16097,5
91427,11
3412,8
95872,8
13712,8
30746,8
87373,7
84161,8
57221,10
97028,5
95905,8
16107,8
88317,11
91955,9
31341,9
52812,9
85793,8
68947,5
83649,8
79978,7
94781,3
13803,8
102703,9
17062,8
16836,8
94582,3
77986,9
99773,9
50667,9
79348,8
61416,8
77993,8
44983,8
92720,6
59646,8
40362,9
3161,9
46045,7
31374,8
97323,8
23722,9
26069,9
59784,5
69675,10
44391,9
92561,9
29665,10
80571,3
90528,9
23600,7
9991,5
71229,11
79508,5
45647,10
99220,9
36614,9
91712,8
101911,11
83381,11
68478,8
50926,9
25070,8
21859,8
87819,6
96549,6
39514,9
46519,9
63494,5
45431,8
7648,7
24855,8
42571,10
28960,7
88660,9
40490,5
3683,8
24076,8
53362,8
48162,10
84199,10
53082,11
89926,8
91799,8
92551,9
79778,8
1714,10
25059,9
91072,8
24309,9
80146,11
1910,10
11150,9
843,6
94454,8
53728,9
56293,9
26181,6
31672,8
49026,9
61571,10
84315,10
102779,5
51828,9
96135,8
11089,9
56426,8
30559,5
13007,9
80871,8
52087,8
68262,9
55844,9
20589,9
91458,8
44248,8
98362,8
97190,11
89242,9
96154,10
68324,9
32792,8
71247,8
51480,11
83946,8
9448,6
43107,9
89074,10
7803,7
89155,7
54647,8
96052,5
68038,8
37836,8
61443,10
33,8
102234,8
86215,8
22480,8
4701,9
63015,9
43668,8
77479,11
65276,10
91013,9
28746,9
64685,9
65972,8
39165,9
38005,6
88428,10
63438,10
24930,10
24870,8
2903,5
26625,8
83634,8
29200,11
96185,4
47471,9
89637,9
5659,9
57134,11
62956,5
38278,7
33587,8
77570,8
91663,9
50132,11
85908,8
58163,8
9194,8
96791,9
85220,10
70142,5
82677,8
80735,6
19189,8
86214,3
83132,9
96336,8
49608,8
39126,9
97373,8
27746,11
85325,9
5738,7
7866,8
32883,7
75837,11
72747,6
17637,9
86251,9
74747,8
511,7
79178,10
62842,9
24302,10
33131,8
29075,5
87621,9
87074,5
69660,9
38525,9
98470,11
48213,8
102524,8
52222,9
52744,10
83566,10
46982,9
67893,8
83139,3
34511,8
85641,11
89563,9
51475,9
97157,8
14996,5
60200,8
99869,9
32563,8
87951,8
101053,9
60326,7
82620,8
40744,10
90524,8
194,8
44693,9
21521,9
98541,8
43816,8
84583,10
88743,8
44120,5
62648,9
66310,8
11946,10
52039,9
9962,9
46903,3
28327,8
65774,8
93546,8
58983,9
88879,7
6229,8
11749,8
13297,8
1148,8
97799,8
33737,7
169,8
75919,8
71919,9
39901,9
81926,8
14881,9
67592,8
84181,9
78560,8
22475,8
40304,11
45910,8
9470,8
76182,7
91995,9
90600,9
42038,8
94046,8
48349,9
43316,9
22421,11
93488,9
100440,11
78658,10
84509,9
5858,9
61223,9
33242,9
92646,9
53391,11
21328,8
87788,8
94191,10
72746,8
90334,8
59016,8
60304,11
76879,9
36865,6
57594,8
93147,9
77810,8
59597,9
60863,9
93114,8
63085,10
99053,9
83239,9
48140,8
71907,8
904,10
58940,9
22239,6
93228,8
99894,8
49359,9
2400,5
37126,8
84869,8
87429,11
90185,10
87047,6
89298,4
53024,5
51154,8
87642,5
5821,9
32146,7
91926,9
97770,5
85371,9
44714,11
28094,8
5265,8
66179,8
77461,9
60883,8
32799,5
4213,6
70975,8
92447,5
12215,3
28209,8
90701,9
45929,8
46561,9
6365,8
85052,8
8499,8
14069,9
88369,8
21983,5
95759,10
44139,6
99468,9
38051,9
37007,10
36028,9
44395,10
30011,9
82316,8
14111,9
21592,5
48983,9
86695,9
82180,8
60416,10
11632,8
1577,9
30538,8
93517,8
44410,7
59805,9
47414,9
92595,5
16093,9
87175,9
95687,9
66889,4
78511,8
100197,7
35092,9
39332,8
33690,9
33130,9
36394,7
94413,9
82223,11
68713,11
46120,8
20294,9
42856,9
95523,8
20574,5
86610,11
4915,9
77448,11
92330,8
16700,8
77129,9
5652,11
57514,8
25534,8
40849,7
76830,8
34232,9
36405,8
91339,9
78044,9
101061,8
45783,8
30664,8
18737,11
47712,11
30348,7
70161,5
18715,9
22823,5
16399,4
7546,8
60926,11
28212,8
24892,9
25947,6
67480,9
38089,7
45802,9
92834,10
83963,8
4110,5
77215,9
31273,10
27129,6
95115,8
68361,8
80971,8
82742,9
86574,8
12777,9
98173,10
29822,5
63786,8
102995,9
80728,7
55534,7
47718,3
89838,10
49023,10
44337,8
80979,8
96971,5
93734,8
91369,9
83755,5
76421,8
87102,10
67855,8
26767,8
53716,8
102613,9
36691,8
62337,8
87101,5
102907,8
13876,5
23664,9
27634,9
31063,10
100883,5
671,8
178,9
65407,7
89922,8
80681,9
27949,9
17017,9
72549,9
14534,7
84808,8
41809,10
92033,9
90526,7
37765,5
4536,8
14459,9
26012,9
46158,11
98928,8
78398,8
68357,8
56957,7
101919,9
23304,9
53328,9
37010,9
43143,8
80353,8
80870,9
27173,8
1059,10
7022,9
21358,9
9278,9
90065,9
58025,11
88753,9
33305,8
2114,10
41836,10
45299,8
90961,5
62600,10
83109,7
3267,8
49074,8
89860,9
9748,9
41266,8
90202,5
95459,11
58326,8
59064,8
26102,8
83951,9
16389,9
91408,3
40440,8
73685,9
88923,9
49467,9
18027,9
18532,8
59096,11
48031,8
6521,9
36829,6
19674,3
55621,5
102378,8
29020,8
20494,8
90575,9
32770,9
1497,5
54053,9
101092,9
52044,8
79039,10
21625,8
99991,10
73331,5
2017,10
16092,3
22383,5
87952,9
38779,10
37233,9
20255,7
90559,9
51634,9
40635,8
44173,7
52454,9
78737,11
45497,8
26756,8
34172,8
17854,8
35047,9
97629,3
90702,5
78865,8
87190,11
51965,10
87959,9
88354,9
34712,6
97079,8
12737,8
32511,5
7917,5
90922,10
64184,8
53325,8
54582,10
9227,5
92021,8
29377,11
61896,8
19880,8
86657,11
83621,8
43995,4
9167,5
3301,9
29087,9
22905,10
88675,9
67787,9
75136,8
51417,5
83789,11
66215,8
28806,5
58872,5
69569,8
25135,8
54603,5
41690,8
10870,9
47639,11
7548,9
85298,9
8014,9
6815,8
92358,10
10405,8
35284,9
16679,6
34717,8
16122,8
58334,9
10557,3
92521,8
67976,9
47248,10
53899,8
23599,8
58136,9
39746,10
3297,11
80537,5
89910,8
72722,10
8273,6
48962,9
58535,8
78589,9
20011,11
92846,9
99515,8
40738,8
71206,9
55273,8
71825,8
32749,5
92241,5
39500,9
1632,9
86931,8
49703,8
34941,8
74741,7
56999,9
72054,8
40630,9
21558,9
26503,5
32912,8
92533,7
88040,9
1115,5
3445,9
24712,10
11061,11
90199,10
76315,11
59896,8
12903,11
5699,5
85609,9
95556,8
88243,8
78313,9
94019,8
31339,8
92009,9
29258,8
9389,9
94272,9
55108,10
84782,8
86673,10
79390,8
7955,8
42624,7
84775,8
20661,8
52048,7
10506,8
66776,9
8170,5
16436,9
83561,8
89969,8
34265,9
66563,7
38198,8
36627,9
94777,10
33224,9
40772,8
38460,8
37367,8
102325,8
90548,5
31725,11
88,8
14740,8
22282,8
78597,9
25343,10
11318,8
10386,9
13213,8
4498,2
100005,7
4628,9
60993,5
57326,8
19671,7
65642,8
76845,8
79533,4
4862,8
78181,5
74374,8
7861,8
93942,8
51301,9
56818,8
99511,8
73524,8
41171,5
79957,9
11745,8
90430,8
76825,7
33764,6
62107,7
23484,8
16854,9
97493,8
65442,5
69955,8
6255,8
41769,9
51662,9
70801,11
82860,9
34193,9
79519,10
61164,5
24199,11
86652,9
81273,8
26384,9
29467,9
31759,8
25654,8
28599,9
99828,5
96982,8
3251,11
100198,9
42767,8
37142,9
89714,6
71606,8
102589,10
73366,11
54906,9
72563,8
86973,9
19949,9
102863,8
16947,8
46126,7
13917,8
48800,7
92169,10
55837,9
83680,8
1175,11
52942,10
62728,8
72210,9
85873,7
41133,8
63558,8
32755,6
86090,8
15137,8
41612,11
86547,8
77099,9
84128,9
13557,8
48508,10
41630,9
26519,11
10754,9
23812,5
94427,6
8362,5
6411,6
97875,10
33189,9
26870,8
9052,8
57258,8
103058,9
92622,10
83616,8
45926,10
47338,8
39912,9
25554,10
5591,11
96032,8
93485,8
13009,7
46846,8
14765,8
22710,9
3031,10
59461,11
54720,8
94448,5
37359,5
40496,9
98792,5
5380,8
40436,10
44664,8
92266,9
30116,9
61003,8
31404,7
47082,7
78605,5
45276,7
767,8
58693,8
91175,8
8501,5
85434,7
18400,9
87300,5
67061,3
84244,8
96535,5
13221,10
34769,8
51858,9
76202,10
15121,8
61399,9
88121,8
91237,9
91082,9
4835,8
58178,9
70825,9
87293,8
90910,9
55457,8
53929,8
38067,9
78162,8
41132,8
32612,8
102171,10
23884,9
94596,8
75863,3
50865,8
82005,8
68512,10
6779,3
4674,3
32560,8
99907,6
77028,9
26137,9
84755,8
72827,8
59916,8
61354,7
92390,8
1804,8
90964,5
96486,9
47655,9
44542,9
73134,8
80885,6
96979,8
80762,5
83432,8
90668,8
30890,8
90708,8
88349,3
22141,8
97360,11
96948,7
7315,7
17812,9
32111,9
94862,8
74914,8
94776,11
9741,8
97185,4
43172,7
65543,8
34487,7
79922,8
45423,6
88367,3
68496,8
34620,9
56184,8
50872,8
62743,8
23715,5
76012,9
7763,8
82567,8
26281,8
27028,7
94450,5
76208,8
6308,5
57716,5
36084,8
97772,8
61425,8
89122,6
49566,9
51405,8
79614,8
85917,8
16716,8
99706,9
77735,6
86688,8
89316,9
86864,9
28114,6
58353,9
66908,8
95266,8
1755,8
84632,8
23130,9
97623,10
85433,9
1936,9
89800,9
64928,8
60210,8
91441,8
73541,9
92454,10
37761,5
87701,7
70353,9
84825,9
9853,9
16196,8
84745,9
89721,9
5485,9
89804,8
75459,8
83518,5
36402,5
40539,9
20946,10
62833,8
91901,8
76125,10
21707,10
77872,2
19776,10
55112,8
6766,9
2420,10
93435,8
97968,3
71589,11
71023,6
15212,9
46131,5
3763,10
62584,9
103527,8
6962,9
38083,10
37738,7
5779,8
36516,5
34680,8
85266,9
61275,9
81931,5
4132,11
76086,8
90941,11
2840,8
66092,9
38636,10
93715,9
3163,8
93657,9
50005,9
73723,9
105,8
40787,8
20062,8
40741,7
47508,5
96709,5
45837,6
66603,9
76155,2
52667,9
5701,8
36381,8
4260,8
96650,11
71713,9
11323,11
88592,9
83920,11
29000,8
46744,8
57089,10
43917,8
94503,9
11270,11
39600,8
87680,8
68339,8
88531,8
9216,11
44080,5
89621,11
50018,10
81970,11
94941,9
102633,9
43213,9
72599,9
46860,10
38557,5
82764,10
56657,5
97049,8
83865,8
49221,8
56748,5
13139,8
84492,8
93869,7
88744,8
94053,10
25681,10
61141,9
23418,8
95873,8
64161,8
58863,9
24163,8
57385,10
32985,5
29343,11
4711,9
69599,9
75926,9
86873,9
100581,8
100693,9
41597,9
79194,7
100237,11
20969,8
29815,8
4438,9
89590,8
66073,8
71525,8
79597,10
100563,8
56016,8
36694,6
44606,9
61723,9
79007,7
71779,10
85314,9
280,9
35083,9
74811,6
77600,8
33875,8
90478,10
51308,8
24575,8
56327,8
90330,3
21254,8
82167,9
87852,3
31489,8
91796,5
91409,8
61783,8
7822,10
58152,11
1276,9
74310,9
41622,8
38536,8
74308,8
42964,8
75061,9
58956,10
56100,8
63206,8
98959,8
93195,9
48475,7
84462,9
7259,8
48423,9
48400,7
33118,9
36748,7
89527,10
35245,11
17176,9
93014,10
66848,10
82536,9
40246,9
31579,9
72368,11
76811,8
63549,10
54622,8
59470,9
54723,8
100612,7
47902,8
64723,10
43877,9
78395,8
92964,9
89996,5
99092,9
87634,8
23609,8
82738,9
2741,8
97247,8
88527,9
71204,8
94925,7
56836,5
77503,7
31524,10
38236,11
91620,9
53097,8
34083,7
15361,10
82660,11
71336,10
33497,8
81678,8
27626,9
775,11
3689,9
90584,9
50135,9
61687,11
75831,8
76607,10
90664,9
87163,7
31268,11
91318,7
26851,10
98029,9
28415,8
102104,3
91568,9
75945,7
35831,8
59125,5
20332,8
22122,3
20227,8
60229,5
50950,9
9015,8
37690,9
15640,10
96751,5
40579,8
7232,8
349,8
8998,9
59880,8
23550,8
88226,9
89929,9
90844,10
6404,5
102418,10
50939,11
96264,5
99701,9
30241,8
24182,7
50680,8
95428,11
85845,9
79898,8
12822,8
100344,8
81827,11
100204,8
15721,9
93011,5
34916,8
81787,9
92391,7
58091,7
99231,8
32542,8
93977,9
2619,8
3215,9
75475,3
18481,7
21586,8
81143,9
71180,5
69124,11
81854,9
90515,8
70754,9
88274,9
60460,8
43961,8
56583,9
81857,8
91172,5
65285,5
6188,8
2160,8
80015,7
17878,7
700,11
46989,5
93524,7
47575,8
42739,8
81861,10
59620,9
28175,9
56735,9
60867,8
22966,8
77934,9
29334,8
18175,8
50810,9
46554,9
96487,10
80477,11
27794,3
63871,9
96816,9
76252,7
43251,8
78842,11
60099,8
84474,8
77574,9
97872,8
54932,8
21830,7
52398,11
72460,5
24773,9
89056,7
78636,11
72452,8
27953,10
88402,8
86310,8
76985,11
42125,7
22695,11
22462,5
91247,8
93670,8
44838,10
85779,8
63638,9
90279,8
87608,7
2211,9
50588,8
97161,9
37619,9
38449,9
20422,8
17258,8
1478,9
24853,8
88569,9
60937,7
6434,9
81027,8
102372,10
760,9
39964,9
19195,11
26556,5
87627,7
60686,3
101213,11
43969,3
69511,9
71158,5
61644,8
72615,9
94554,8
81716,5
91493,6
949,8
25216,5
88765,9
22620,8
2062,8
32859,8
55544,7
84878,9
90585,9
1904,9
3371,11
98036,5
31239,8
2605,7
95976,8
63042,10
70377,10
65423,8
22887,5
102538,8
87659,8
55846,7
32877,9
48340,9
19294,8
55103,10
15034,9
32909,10
79861,8
50179,7
59340,9
93739,11
51730,8
59006,8
92026,8
65536,9
49231,9
4878,8
40941,9
50216,8
59747,10
83766,8
17155,8
62083,11
99131,9
90604,11
64106,8
59770,8
35024,8
75406,9
102811,11
91562,9
18580,9
88791,9
87014,8
44966,11
24732,9
18351,8
96393,10
59722,8
24393,8
87464,11
78576,7
42557,9
81840,5
34120,7
87918,8
61674,4
77542,9
8081,8
85443,9
2367,5
37167,8
3026,9
47386,8
79565,10
59636,11
74477,8
50794,8
3805,8
102105,8
87343,7
71192,8
31090,7
82579,9
76891,7
96857,10
65722,9
96400,9
77968,3
18008,9
74155,10
30489,8
83791,8
34739,8
45800,10
2560,3
38611,8
85824,8
89660,8
57938,5
81460,8
40594,7
31659,8
27034,8
62558,8
2413,8
86421,8
68983,10
90108,7
49581,10
22041,11
95273,8
72796,10
73638,9
86514,8
69439,8
70570,8
96676,5
53449,11
2011,2
99028,9
48465,10
28089,8
25129,7
74412,9
25818,5
70656,8
11397,4
48513,9
87480,9
63606,5
92309,9
92057,9
38840,9
87097,9
28510,9
11971,5
92479,11
6260,8
22702,8
33570,7
42501,8
32854,9
96316,11
14993,8
91404,10
78899,8
38612,5
85782,9
46139,3
63675,9
22704,9
95051,8
82262,9
73613,10
12858,5
57828,8
80101,9
91877,9
89199,8
89915,9
16004,9
88777,9
87963,5
94140,8
93999,11
71594,9
5323,9
64431,8
28939,5
77061,10
91823,8
28178,8
85413,10
61156,9
17517,8
85537,8
53968,8
32549,7
36553,9
77809,8
27867,10
69233,8
3119,8
83121,9
13253,9
2597,5
89891,10
64419,8
61360,9
18317,8
73775,8
90709,9
33689,9
25665,8
77854,11
32762,9
97038,5
31996,8
93845,5
98975,3
43742,8
12620,6
58052,8
10075,7
64152,9
17262,9
17136,8
74850,9
15326,9
338,5
46863,7
45448,8
6314,5
13210,9
22318,9
89708,8
103243,5
21974,9
55046,10
70346,7
18494,7
1857,3
6597,9
69567,8
29580,10
7582,7
87443,8
73317,9
46204,10
89492,9
77803,9
50652,5
90337,9
7852,8
10384,10
46399,9
93827,7
59214,5
76360,10
8692,8
39782,9
77290,3
37843,9
46479,11
22361,8
78999,10
62227,8
23915,3
54596,8
48327,9
24908,9
56301,11
99345,10
82405,9
39224,9
99928,8
102536,5
89090,8
3790,9
32740,8
79798,8
5967,5
69147,9
14985,8
58182,8
24874,8
2616,9
30023,10
13430,5
78654,11
77552,8
85467,8
38220,8
36872,10
52403,11
60078,5
1067,9
59025,8
24129,8
48347,9
5111,5
29136,8
61184,8
82266,5
98980,8
34064,5
90396,9
48507,8
52934,6
29683,5
39053,9
60627,8
68952,9
45430,7
5987,9
33532,5
84688,10
20690,9
59353,8
84242,8
99031,8
91317,6
66618,11
7030,5
2909,10
31100,7
2775,11
39102,9
20263,8
48436,8
27008,8
16284,8
66062,11
9833,9
73137,8
2966,10
88745,8
52504,9
25465,9
2178,8
85011,9
57299,8
102699,10
84395,9
99972,8
90164,7
79831,8
22405,9
30792,9
5024,5
92563,8
71314,8
91865,9
75723,8
5998,5
100654,8
58470,9
55248,9
22403,11
93943,10
84961,9
40929,7
17676,5
91302,8
57522,8
29529,8
273,9
65590,9
76821,5
45098,7
55483,8
79179,8
7224,9
41905,9
63741,8
43492,8
38118,9
32759,8
59978,8
90881,9
18138,9
97873,8
72194,8
84717,8
12649,8
14168,8
38732,9
41973,6
30049,9
74766,8
67606,9
84618,9
19173,8
42696,9
98828,8
87079,10
29982,8
56103,9
60359,8
32816,10
27789,10
73005,8
49691,8
61778,10
27940,8
42220,6
44487,8
95674,9
84978,9
93752,10
86933,9
46127,8
95540,8
53240,10
3205,9
90974,10
24549,6
43319,9
72227,8
65177,5
18814,8
28333,8
78507,9
83368,11
48309,8
78172,10
40110,9
59376,11
32077,10
24651,9
87653,9
3916,9
3408,9
57012,9
38660,8
71363,8
42096,8
92908,8
83772,9
88489,7
97000,10
97741,7
51920,9
79074,9
5047,7
65937,8
75747,8
92343,5
21967,10
96464,11
19943,6
20800,8
22554,10
16590,10
74434,9
15863,8
47198,8
91800,9
47968,9
95460,5
93877,8
12669,11
89495,8
80697,8
508,11
100312,9
82720,10
93543,10
72004,8
23147,11
20079,8
84094,10
79530,9
88589,7
88050,9
83507,8
95790,8
65197,8
89167,5
85177,8
15501,9
78981,10
13257,9
58847,9
94744,8
93549,8
1523,5
24478,8
14649,10
91530,9
13277,5
93371,8
102687,8
55707,10
76105,8
99113,7
93991,9
29399,7
80360,8
15485,8
19285,7
90976,5
49672,8
69548,10
13028,9
64356,9
91881,8
41711,11
5242,8
58064,9
97656,9
65041,5
28537,8
1128,8
3615,10
8021,9
98343,8
25775,11
38714,11
68958,8
82444,5
4207,10
59628,9
17499,9
101015,8
67238,8
870,9
9762,5
95109,11
83506,8
21440,8
30971,9
88467,10
27681,8
92789,8
100228,10
42717,9
100360,8
63076,9
28529,9
91367,5
39089,9
959,10
4518,8
83392,9
48585,5
102191,8
26231,8
80576,9
81666,7
99642,8
13332,8
88898,5
100147,5
38571,8
4829,8
72601,8
61165,8
99818,11
17226,8
96769,5
16197,10
100520,8
28675,9
98462,8
26195,8
86315,8
58807,8
36603,8
17091,6
65247,9
90617,9
101091,3
58846,9
57429,11
71431,9
50890,10
12760,8
19759,9
31840,11
65521,11
82814,8
7954,8
96973,9
9721,7
96586,7
26733,7
20510,11
85796,9
76191,8
91835,6
898,5
47825,8
80380,7
5809,9
85960,10
59957,9
74762,7
95158,9
81089,9
37564,8
89551,8
92522,8
31396,5
34810,8
923,5
670,8
87120,11
76172,9
71506,8
87812,5
69789,9
88706,5
69462,7
11333,9
76013,10
32758,8
5879,8
80143,9
751,8
61688,11
36555,8
91585,8
82707,8
73009,9
20884,8
67280,9
1835,9
98722,9
43389,3
77851,9
98698,9
99647,8
94525,9
64704,8
25666,8
51377,11
23705,8
88482,8
22204,9
13255,8
89286,8
96119,9
76674,9
29464,7
92510,9
102392,11
87447,9
94984,10
86792,8
73371,10
31178,8
35617,9
92280,9
91196,11
67586,9
58798,9
84137,9
24821,9
63942,10
92484,8
52643,9
13527,9
49771,9
13107,6
97717,11
41684,5
9226,9
84204,8
83031,9
87956,9
93096,8
76529,8
1634,8
10223,5
91609,9
69994,8
17047,9
46681,11
82019,11
27100,9
36693,8
76972,11
50274,8
63546,9
62830,8
41726,8
93595,11
52497,9
32039,9
40747,5
52991,9
28028,8
27278,8
40279,8
53396,9
61908,8
11099,6
13335,11
84434,9
88929,8
85971,9
4811,8
90287,9
85773,5
35589,8
17825,11
75759,9
35606,10
18047,9
41124,10
65496,8
51731,11
56323,8
98281,8
28539,8
92844,8
32175,8
63401,8
37696,5
28543,8
41803,8
103391,8
102233,9
41046,8
26321,9
60727,8
76150,8
89724,8
67141,8
33780,6
85252,9
82806,9
59102,9
75443,8
73051,3
73393,8
85523,9
45008,8
77659,8
97395,7
13181,9
23168,8
96165,10
80424,6
83151,8
71045,8
90839,10
58421,8
23433,9
58161,8
57870,5
57439,11
9037,8
53429,8
47173,8
28870,3
50789,8
17466,9
37277,5
17277,7
80876,8
38286,5
93506,9
100378,8
54959,8
35146,8
43528,8
97558,8
77382,8
1355,8
5752,9
3193,5
98956,5
29829,8
102308,5
19730,9
76240,8
41022,9
45474,5
75234,9
99849,8
10887,8
68440,10
72955,5
76983,3
6296,9
82576,8
7484,8
93689,11
88383,7
967,6
39894,9
62653,8
81347,9
99483,9
100160,9
19469,9
93,8
98192,7
90333,8
17241,8
68065,8
43354,11
68933,9
70246,11
99128,8
42264,9
99942,8
83828,8
71903,9
84675,8
32625,9
46321,7
40903,5
87671,5
86457,7
59132,11
7938,8
81051,9
89847,8
40857,3
62482,8
86950,8
57034,9
63839,8
98754,10
65575,8
67804,8
102048,8
86781,8
67348,10
22289,8
89593,9
61854,8
76446,9
19719,9
67888,7
45843,8
90864,10
58911,11
1555,10
5969,8
98683,5
85885,9
77823,9
72670,10
7598,3
80267,9
93971,9
46635,8
24670,9
63864,9
87262,8
99703,8
82012,8
73282,5
13076,10
51214,9
78413,7
45017,9
94193,8
28807,8
97232,11
1945,8
82318,8
9604,9
56073,9
91154,8
34889,5
85492,11
13330,8
68703,8
57095,5
1656,5
88152,5
6153,8
50375,9
43541,6
95106,10
51005,6
59384,8
30339,6
35620,8
49493,5
95365,5
15812,9
40277,9
81210,5
4963,8
102065,7
13583,8
75829,5
91852,10
54903,5
18478,11
26931,9
87550,8
68650,5
74485,8
91603,9
25706,8
85851,5
93516,11
81917,8
82524,9
89864,8
41777,8
16940,9
55931,8
71850,8
84228,3
63626,8
68291,9
80998,8
3053,8
92452,8
60400,8
98137,8
46739,10
56672,9
95768,8
92524,10
69070,8
25214,5
98039,10
33584,9
31640,8
99727,9
25398,9
65920,8
20637,9
66649,10
7620,11
88969,9
6193,9
31420,10
25916,10
46173,8
88768,9
99009,9
36340,9
43094,11
26560,6
45959,5
103584,11
77518,9
54319,8
81107,9
11300,10
5829,9
47646,10
73763,9
57668,5
74689,9
48315,9
11422,8
10946,7
30227,9
21963,9
94671,9
5083,9
28115,9
89028,8
87239,8
65238,5
79772,6
53344,9
82232,7
80156,8
15741,8
17635,9
27219,9
80512,5
71446,8
14819,9
97943,8
35818,11
69252,9
14633,9
57254,9
93745,11
89807,8
18389,9
20445,8
33058,9
70206,8
20632,9
93193,9
3394,11
48105,8
34043,9
45236,8
51249,8
72340,9
11614,8
78711,5
10713,5
48438,8
75862,9
88113,5
90544,8
53508,8
82469,9
43697,7
101058,8
88014,5
57291,8
22061,10
89123,3
71911,9
2707,8
96951,8
95953,10
70753,9
38243,10
28426,10
32574,8
58616,5
88609,9
1649,8
70128,8
60398,7
40823,8
47703,6
89193,9
36549,8
64996,5
71642,9
88728,4
96927,9
25851,10
80838,8
100637,7
70555,9
36942,3
98476,7
84276,7
98549,8
58013,6
28772,7
95860,9
67834,3
44289,9
7487,11
99691,9
72502,9
86283,10
22078,11
65741,10
81182,9
83206,5
100148,7
29021,5
16759,8
60650,10
94821,9
80889,9
55297,8
7131,8
56884,5
28344,11
91292,9
52759,9
1908,11
88256,7
43711,8
13895,9
84512,8
76362,8
64687,8
38336,8
63092,7
15356,9
64437,9
31827,9
899,9
67641,8
5501,9
4823,8
37386,5
11256,8
78138,8
102269,8
89626,8
72979,8
11540,8
3581,9
88373,9
6422,8
72292,11
87025,11
48989,8
49243,6
10570,8
77597,9
76631,9
27204,8
85165,8
55106,5
100025,8
4323,10
102303,8
81253,11
67584,8
56669,10
94908,8
79710,11
19507,8
46670,8
54075,6
88664,11
79790,9
85180,8
102730,8
51421,8
85148,7
32586,9
81166,5
55860,8
102439,9
4761,8
86470,3
31219,9
68747,9
87385,9
76716,6
4519,8
33609,9
7505,6
69911,8
2578,8
97724,8
6570,8
100554,8
42801,5
88934,3
89161,8
26066,9
84152,9
83350,8
41361,8
53868,8
29935,9
60121,10
80953,6
88515,9
57669,8
77606,11
84629,10
51501,8
51246,9
5253,7
84479,8
45671,8
96554,9
10418,7
43884,9
13214,9
96964,7
67786,9
35106,10
87167,8
93443,9
4658,5
40316,9
71038,9
63753,10
102356,8
1785,11
13398,9
44295,5
87925,9
14708,8
34679,8
33315,9
56795,8
1397,9
40920,8
47351,10
54589,10
70338,9
57663,8
56270,5
33100,3
94468,8
43763,8
23378,8
60035,9
287,9
73243,10
99949,11
91385,9
17198,8
58705,7
49872,8
72593,7
72821,9
84715,8
42413,9
15787,9
327,9
67996,8
70590,8
9610,5
21543,8
19045,7
5235,8
68297,11
98285,10
65965,8
102578,9
35119,7
80335,6
97100,8
95048,7
43135,7
92355,9
7507,7
91572,8
54667,8
87312,9
40959,9
90541,8
3463,8
77616,5
98295,8
75735,6
73852,3
52026,11
71923,8
60217,8
87466,7
12314,11
40482,9
39470,8
67802,9
41284,5
3438,7
88624,9
71627,9
94766,8
77992,9
1734,8
89572,7
29599,9
50922,10
72681,9
53946,5
93276,7
13161,8
78475,7
36898,9
15977,10
75120,10
622,8
42676,8
91501,7
36563,7
85593,5
24952,7
92481,9
75119,8
71564,6
27509,11
85530,9
49401,9
83208,3
27523,10
28177,5
35375,10
63711,8
48547,9
80655,9
23423,9
838,5
58787,5
45473,9
36661,9
83801,9
54816,11
52323,11
8802,9
63383,8
42743,8
4122,10
16520,8
80478,11
20484,3
19811,7
54372,5
85727,7
98935,9
18276,5
89681,11
98030,8
15880,5
55279,9
43205,8
81324,8
83687,11
78603,9
56526,9
69425,9
77736,8
38682,9
74940,8
63913,10
59220,9
98224,8
85454,9
97989,9
27245,9
58194,9
23532,5
87867,8
57003,9
77628,8
43743,7
100139,5
68233,9
58135,9
43532,8
43663,9
84943,8
98143,11
86573,9
46976,10
13591,9
79256,9
48208,9
67684,8
45503,10
85576,9
1828,9
88149,11
47641,5
84005,9
58857,9
13874,3
76301,10
5536,10
6772,7
16437,6
55898,9
45287,8
61580,10
41315,10
94345,10
93623,5
66762,5
52095,9
40134,8
84728,11
46175,8
11277,9
87162,9
94685,10
98450,8
10109,7
950,10
80498,9
59070,9
30814,9
44378,8
68476,8
35268,9
100205,9
90196,9
36178,9
47796,8
23312,8
62762,7
86566,8
48362,5
17774,3
42437,11
64010,8
1042,9
49656,10
96146,9
72394,9
3720,10
42135,8
93370,9
87599,8
85483,7
29730,9
89211,9
88009,8
7180,9
43914,9
71143,9
94641,9
543,9
23139,9
70201,7
56162,8
83146,9
45203,7
72423,3
70492,8
97335,8
93222,9
18222,5
71231,8
24565,7
92652,9
35737,8
31910,8
95145,5
70794,8
75864,8
57260,7
84784,11
644,10
2004,11
78120,9
99057,11
52642,10
32805,8
82826,10
85678,8
45452,5
53678,9
89014,8
77164,9
60890,9
27053,8
98504,8
30527,8
7029,5
77666,9
33663,9
103092,8
85830,8
50225,3
98010,8
78074,8
35963,9
56759,11
54210,10
72256,9
80718,9
84552,8
78034,8
97802,8
60297,8
65472,6
98798,11
9928,5
18504,9
9923,5
12091,8
31358,7
96856,11
81113,9
68780,7
69282,8
14714,8
66164,5
100245,11
97053,8
1992,8
62883,8
79543,11
85852,9
79107,9
29373,8
25028,3
87028,11
79461,5
62902,6
29475,10
86145,8
9801,8
72898,8
38798,8
70526,8
39454,7
57386,8
58154,9
31893,10
7361,11
2943,8
45678,11
87727,9
61948,7
53305,8
58551,9
91503,8
47875,7
93851,11
85785,9
31625,8
86203,5
5672,5
99748,8
42077,9
72147,9
86875,9
45225,9
34965,8
96079,7
766,8
58279,8
16073,9
100285,10
94309,8
50782,8
41428,11
91425,8
254,8
3788,8
89277,8
86577,9
84076,9
57998,11
30791,8
89965,5
47345,5
72391,9
89240,9
72052,8
90722,8
88618,9
80322,8
45626,9
53176,7
35054,8
76855,10
99503,5
77335,8
23593,11
53785,6
85402,9
47259,8
19228,9
92562,9
66523,8
52065,11
80917,11
41983,8
87313,11
65196,7
76115,9
16640,9
91035,3
30738,8
39537,8
49745,9
14896,11
6810,8
15123,7
8825,9
69883,8
96475,8
59658,8
55026,5
71629,8
65277,9
62970,9
33980,9
84090,3
510,5
13063,10
102495,8
98160,3
65859,9
90904,10
13328,8
34603,9
25099,7
40537,9
96498,5
91486,3
59000,5
15261,8
17070,11
40724,11
100817,9
18411,8
91240,9
89878,8
51149,8
232,11
86729,5
93249,9
56180,8
29943,9
10937,5
35304,7
63415,9
68322,8
40111,9
59046,5
85763,9
99763,8
99937,7
85491,11
88811,6
52447,7
82459,8
45508,8
80568,10
60465,8
65576,8
59798,7
38776,8
80526,9
15457,9
97318,9
9421,9
1815,10
79552,9
86642,5
11123,11
35869,3
12630,8
3291,5
76481,9
26696,8
82565,8
10561,5
84984,10
94868,9
26220,8
101939,3
103477,9
76895,9
11199,9
73280,3
90042,8
85682,8
47253,8
35874,9
65175,11
88579,6
59659,11
68063,7
71189,5
42656,8
25773,9
98466,8
8187,8
5307,9
85620,8
76564,10
45173,8
88573,7
88028,7
2516,8
81663,8
87265,10
381,10
1777,8
76118,8
31116,8
32196,10
42702,10
95868,10
60561,8
1837,10
60043,8
25793,8
51371,8
41460,8
35162,7
80160,8
70331,11
53092,9
97433,8
51854,9
93947,11
30236,9
48519,7
35743,5
94120,8
20967,11
45719,10
44924,8
90554,8
2091,8
56439,8
85653,8
59341,8
47645,8
75623,9
56306,10
58829,9
25522,8
58065,9
103442,10
74051,8
42914,9
13340,9
82786,6
27112,8
99476,9
10586,9
16263,9
94959,9
72986,9
15008,9
83637,9
1125,9
100895,8
32971,11
45148,7
32835,9
24641,10
43688,10
21746,8
34705,8
87919,6
86720,9
68121,8
73472,9
33168,8
42799,5
92648,10
68725,11
29049,8
35551,8
74299,8
78241,8
31246,8
57152,6
103100,5
21483,8
49254,9
38032,8
87487,5
38068,7
16804,8
2806,11
95493,5
55950,7
28684,8
65948,6
102352,6
100713,10
83291,8
79492,8
46685,7
84196,8
78713,9
5393,8
98927,9
88517,10
59284,10
47749,8
28284,8
80318,11
95010,8
90908,9
88690,8
784,2
72057,8
917,9
97051,11
88375,9
97439,11
94983,6
59895,9
83332,9
79335,10
37471,8
71812,11
70297,8
23519,11
71018,9
17806,9
70054,9
39845,9
60814,8
38213,8
98188,7
19591,8
21241,9
52308,5
89845,11
97713,6
92025,9
85977,7
82125,11
27582,8
91320,9
93439,10
63102,9
40370,7
33309,8
78325,9
85735,11
69663,8
99668,9
38379,7
48099,11
19855,8
93600,11
74977,9
85063,9
93777,11
18836,8
42600,8
42392,8
40002,8
81052,10
60636,10
51835,10
17849,10
2090,9
87068,8
14642,11
102522,5
8560,11
21447,8
26159,7
85589,9
61308,9
89505,11
91528,8
96878,8
1061,9
86787,9
91506,8
93585,10
78387,8
86098,9
84889,5
60791,11
3054,8
51523,8
23470,9
50250,8
28928,8
95084,7
79639,8
9905,9
21843,9
17900,8
56723,9
40936,9
82293,8
89271,11
58546,9
86718,8
84646,10
11388,8
29338,8
56944,5
91226,7
64088,7
27430,9
40866,9
23081,8
6711,10
74408,9
81429,5
57988,5
75037,8
53287,9
24839,9
76420,8
22769,9
25598,9
25414,8
47042,8
71121,8
70362,6
25292,10
54566,5
86583,5
2234,8
57560,9
87224,11
46358,8
86423,11
3334,9
4973,8
44127,9
37509,11
102387,10
10812,5
83012,6
14376,8
74504,9
90411,11
23093,5
71302,9
27517,8
14849,10
35163,8
7405,9
56320,9
1517,8
10446,8
29040,5
50177,9
95862,7
56738,8
64008,8
23311,8
70517,8
78624,7
19823,3
33760,7
75315,5
65355,9
48847,8
97666,8
7440,8
8150,8
27485,5
102120,9
26643,7
20363,8
99733,8
89676,8
40616,9
77342,9
12313,9
20889,10
6830,9
76423,10
80341,11
29244,5
19654,2
10666,5
65161,8
34128,8
56258,8
94313,11
97919,5
39481,8
4492,10
72297,8
92065,9
6038,11
56352,9
87152,9
97414,8
72608,9
82745,6
68130,7
76287,8
10918,5
14703,11
26212,7
100108,11
53656,11
469,9
71769,11
76104,8
27506,7
80446,10
75302,9
1286,8
13763,8
88758,5
73017,8
93283,5
35798,8
87871,11
11976,8
45165,10
2414,8
72181,8
34374,8
71891,10
90726,10
65429,8
9193,8
8037,11
18618,8
34071,9
90116,7
91065,8
87303,7
72032,11
5578,8
51172,7
28506,8
34221,11
34615,9
90894,9
77352,8
66085,10
95410,3
90439,8
61187,8
47424,9
94408,9
48107,9
56521,7
13930,9
66331,3
23867,8
32606,9
817,11
95359,5
98275,11
91531,7
9498,7
41083,8
88567,7
73392,8
93660,10
77567,8
80631,8
96884,9
35109,9
23169,7
25667,9
57631,10
88729,9
52868,8
42337,8
11062,10
78496,9
13245,9
95338,5
86916,5
93786,8
98339,8
7878,8
49988,8
63688,9
26340,8
26279,5
1358,7
49773,10
97212,8
93618,8
101027,11
10856,8
39041,5
80118,9
27294,8
16094,10
3934,11
26211,8
86645,5
14793,11
70644,11
95632,8
69717,5
3572,10
39675,7
9598,3
96058,8
7596,8
51381,10
97731,9
1970,8
62213,8
19443,9
80910,7
74397,6
49835,8
70141,5
36357,8
66798,11
10543,9
85933,8
39748,7
46435,6
51401,9
14464,11
20471,8
2591,8
93946,10
92615,8
83602,5
93185,7
84172,8
90572,9
87119,9
26092,9
94522,9
26893,7
46999,8
82733,8
93720,5
94645,9
8804,8
57315,8
18384,8
23179,8
67310,9
57410,8
36771,6
54981,9
3400,7
59136,8
79371,5
11774,8
36289,10
77135,8
4284,8
63762,9
3605,7
80387,9
91793,10
83870,8
73643,7
70102,8
91406,6
8225,8
53378,5
96059,7
91967,8
80444,7
79765,8
18403,10
3516,8
87229,10
60295,9
51030,11
55874,9
40056,9
37397,8
67588,8
102562,9
90869,9
30939,7
49002,8
95842,10
70321,9
95496,10
79566,9
86847,8
81932,9
67752,9
49325,8
84268,9
65819,8
60751,10
36945,10
80677,6
83487,8
91255,7
41294,9
20385,8
41608,9
92442,8
27125,8
56113,9
8052,8
1151,11
25852,8
48240,8
16088,5
19767,7
97993,5
23083,6
102001,5
90570,8
52815,8
85103,10
21947,6
71058,8
18899,9
48221,9
7590,11
79472,9
94350,7
30976,8
1270,5
75558,3
37062,11
13546,9
90799,8
17287,9
64075,10
76767,9
20825,5
66752,9
26700,9
86095,8
79883,9
37040,11
71938,9
6318,8
6785,8
89814,8
55527,9
75949,9
88395,7
95783,9
97816,9
8738,8
1707,8
47317,8
80466,9
41825,9
40789,5
4349,10
16874,9
45084,7
63093,11
27957,8
77372,9
70520,8
83590,8
20063,8
100009,8
36584,9
9874,9
58545,8
94351,5
64973,9
63490,8
2854,8
98150,8
24767,8
89224,9
91410,7
58104,9
99508,8
47099,11
46262,8
23511,8
30224,9
53016,8
97503,9
89698,5
25539,5
369,8
27141,8
14471,9
36534,8
31076,10
90871,5
50901,9
94142,11
81844,9
5104,8
40928,9
63696,9
65681,9
9081,11
22117,5
77294,9
73973,5
61033,8
98679,5
53034,5
488,9
13265,9
65818,10
7697,5
95198,8
41903,10
4580,9
33006,3
27442,8
90845,8
93027,9
79247,7
1718,10
67735,5
41226,5
91132,8
9465,9
98483,8
49066,8
18583,8
63066,8
45575,9
85863,8
87965,9
19971,8
26222,7
28243,6
95421,9
37275,10
7005,5
27785,8
76402,5
24038,8
27135,8
68965,8
90850,5
55290,5
39130,8
80564,4
43853,8
58130,9
56691,3
88353,9
56304,8
51842,9
73512,8
57881,8
5596,9
98576,9
33000,4
75139,11
43067,8
11739,8
75664,3
20887,9
48811,8
61542,11
92134,8
72513,10
25184,9
78485,9
45353,9
4285,8
13668,8
5638,9
48255,9
61118,9
62144,8
24517,9
15793,7
53470,4
51339,5
28231,9
89857,9
90711,8
55484,11
96653,10
26600,10
97274,9
37084,8
68738,8
64394,7
72899,9
97980,9
8082,3
78748,9
6454,9
38359,8
98708,11
89097,10
86354,9
27475,8
36798,8
89389,6
8352,8
96343,9
33777,9
96441,7
71502,8
71696,8
61675,8
68097,9
8381,8
69438,8
21188,8
46717,8
40587,9
54575,11
37341,8
16251,7
17267,6
16025,8
71208,9
82192,8
28123,9
60541,5
93647,11
45397,3
32987,9
37262,9
90150,8
49525,10
41406,9
51340,9
50702,5
88713,8
35762,9
61650,8
83747,10
82599,9
33104,9
75586,10
90876,10
79324,10
54016,9
4107,9
13805,9
33688,9
30579,10
44419,8
42204,10
64510,5
12121,10
44977,5
98099,8
39942,8
94996,8
44827,8
50127,8
36399,5
86986,10
74049,8
84469,10
18140,5
35954,8
65244,9
39831,6
67908,5
23760,7
68446,7
78142,5
48708,10
81168,9
74661,8
32381,8
29584,7
25011,8
75799,9
95272,8
86131,9
48490,9
29772,5
84598,3
54434,9
53373,8
19495,7
90713,8
99984,5
38242,8
67945,8
88914,5
10921,8
32530,8
97856,9
99094,9
82769,9
98385,9
39780,8
62475,5
29788,9
97482,10
50570,8
90982,8
43965,5
102132,11
60701,9
28716,10
16479,11
87970,7
32818,8
89282,9
81171,11
87644,5
18041,8
483,8
39321,8
1333,9
32671,5
96473,9
5371,3
2934,11
62807,10
13146,10
49858,10
21656,8
15898,9
55052,11
101995,7
34396,7
94998,8
49641,7
47663,8
58710,3
50039,8
60570,11
44836,9
93988,8
57278,8
55921,9
58942,5
63111,9
62331,9
61764,8
64139,9
12371,9
98463,9
48430,8
89191,8
75107,5
996,5
60605,10
86767,5
3060,8
72085,9
94757,9
87766,9
13783,9
87232,11
86669,3
46208,8
56412,9
85854,10
40610,9
82258,9
6690,7
62614,9
31058,8
30581,9
75961,9
58347,8
48549,8
81731,8
36554,5
100128,9
24060,7
76452,9
1587,8
14468,7
13227,8
65321,8
36791,5
8666,8
52810,11
44093,9
92112,9
53329,9
83784,10
15677,8
89944,9
30983,9
90175,5
67825,9
96741,10
27326,9
87268,8
6282,9
81463,10
46261,5
16584,8
16624,9
40349,8
42823,8
12221,11
82825,8
97495,9
17027,9
52689,9
18720,9
40591,10
96181,6
50601,9
96716,8
41775,8
73252,8
3798,8
51834,8
29146,8
68887,8
6670,9
64552,9
85910,5
56827,9
96191,10
631,10
81559,8
44990,5
98678,11
93261,8
86575,3
100686,9
5607,6
95285,8
83570,9
97362,5
5749,8
31384,11
63477,9
41461,10
69763,8
88406,9
51628,8
99269,8
98896,9
91906,10
75652,8
77021,8
49903,5
27331,8
42741,9
68974,8
99919,9
32088,9
32655,10
3107,9
75017,9
6322,8
97344,8
23486,9
10440,8
65365,9
66107,11
102899,11
2008,10
90692,8
3506,10
91557,5
93089,8
66450,9
91773,10
33264,9
27241,9
9836,5
52483,8
92700,9
26234,7
96805,7
87099,9
34010,9
20921,9
4578,8
27621,4
99946,10
63355,11
89548,8
96874,9
50390,9
9223,10
69540,8
67000,7
30389,5
12904,9
87294,9
24220,10
48561,9
82265,8
50818,11
95149,9
35368,5
9810,11
26408,10
45180,8
97573,9
38009,8
60409,8
87577,9
96136,8
3172,6
55446,8
91228,5
80861,8
28847,8
51165,5
17373,9
95831,10
89727,9
85444,9
1004,8
36382,11
81109,10
73247,6
34518,8
96172,4
14659,9
24057,10
25906,9
86520,8
56923,9
63644,5
18667,8
89126,9
13974,10
57829,11
52354,11
93918,8
22308,5
88494,8
1903,5
71600,10
94545,10
38610,8
90466,9
74186,8
85260,7
85176,9
293,10
41437,10
93083,5
55556,9
34574,11
98052,8
29276,11
8192,8
40223,4
48653,6
64914,10
41218,9
21238,11
52570,8
79238,8
76337,9
46728,9
80984,10
96658,10
95400,9
61180,5
46811,9
46881,8
22346,5
70263,8
84006,8
81573,11
92039,11
90756,7
52268,9
59678,7
63463,8
8827,9
65036,10
87949,8
55758,8
39882,8
5994,7
25370,6
62873,9
2305,9
41853,9
60218,9
84502,9
29866,10
82682,5
4236,10
24513,8
41023,9
44325,9
85333,8
8010,9
3924,9
69089,7
76076,7
67294,9
95334,8
62230,6
20684,8
68730,9
91358,9
61815,9
21484,8
89671,9
24253,9
1997,11
76921,8
89371,8
90865,10
15913,10
20211,8
84365,10
872,9
42178,9
28768,5
74320,9
53546,8
44297,9
3465,8
44422,8
64080,9
34570,8
68086,8
53893,8
31072,5
62334,8
100610,9
485,9
77832,9
46419,9
78967,8
47039,8
5663,7
38327,8
82456,9
81683,9
95763,5
81760,3
43335,8
102433,7
100721,8
58686,8
7462,7
56868,8
57775,9
52603,9
8498,3
69250,10
90020,10
37921,8
52399,11
61935,6
58290,9
90787,9
95345,7
57321,5
103053,9
45445,8
101130,9
14646,9
47063,10
81200,9
85511,9
36313,9
38241,8
45576,5
75190,8
101170,9
39885,8
55910,8
81839,11
85405,9
63309,9
102934,9
84737,7
28625,5
102014,8
100002,8
99717,5
83850,10
79514,10
45023,8
61009,9
67909,10
81230,6
57520,8
102238,11
88979,8
19630,7
100011,11
58344,10
20635,7
47885,10
82631,8
20672,10
2750,8
6527,5
70171,9
73402,11
1094,9
86769,5
95190,8
28443,8
93865,8
102273,8
17206,11
77975,10
101189,8
16897,10
92274,8
44069,8
69008,7
89426,11
97078,11
81514,6
87541,11
15819,11
19268,9
91364,9
10153,5
97661,3
85278,9
32019,9
94857,2
13052,8
40447,5
43066,11
88205,9
44288,7
67089,9
1664,3
90540,8
95609,11
34457,11
20168,9
88086,8
67544,11
87783,7
73816,8
88114,9
48659,8
62412,11
75775,8
64673,8
71429,5
2997,10
84807,7
73078,9
76605,9
97698,7
6360,8
3021,9
79859,8
101450,9
98288,7
87571,9
27075,9
13385,8
59299,8
50716,9
56832,5
76400,3
22091,5
79344,8
3703,8
65912,9
89200,8
9006,9
16311,8
35468,9
78882,5
81280,10
71898,5
59449,8
13011,5
24367,5
35891,8
81172,9
18397,8
97120,8
86527,9
89180,6
35115,8
87494,9
28867,7
82404,8
34462,5
70475,8
85893,10
1090,9
44461,9
91929,8
62460,5
59252,11
78046,5
62856,9
20224,7
62879,10
102513,8
21902,8
15304,8
81842,9
38300,7
61171,8
34715,8
81623,8
81753,7
937,8
10466,8
91759,11
1530,8
76546,10
73671,10
69923,8
90880,5
23702,11
12740,8
78643,8
87004,6
64524,6
55510,8
96429,10
2039,8
36814,10
32176,9
21905,7
49913,8
7049,9
61853,6
59155,8
80896,8
62635,9
29817,11
48278,8
37794,5
100328,9
1118,9
27448,9
30323,10
73135,11
68575,10
87510,8
60230,8
60812,8
49307,8
84902,10
6423,5
22781,8
94455,5
58577,5
37602,9
81853,8
84011,9
29607,8
22749,8
103494,11
25005,10
11042,8
33403,9
71728,10
28838,8
55502,10
74113,5
26293,7
47003,8
34991,10
88524,11
84343,9
102590,8
97911,8
90072,9
101849,8
91667,11
64855,5
96662,11
44872,8
73654,9
88998,9
79535,9
87007,9
83808,8
34377,11
96220,8
34796,6
62732,8
35031,9
84386,7
51247,8
89390,10
55333,9
79405,8
49510,8
82431,3
51959,8
16419,10
62073,8
61535,8
54590,8
56244,8
1069,9
80591,7
40804,6
59701,8
70860,8
3419,8
77498,8
74810,5
77500,9
94812,9
44812,11
87256,8
87809,7
37091,7
4926,8
56282,9
98116,11
86198,9
47560,11
9535,8
92643,8
42343,9
55384,8
88441,11
75729,9
76736,10
102601,9
11867,9
67887,8
42411,5
102288,9
2085,9
95486,8
47654,10
37805,9
54201,9
100067,9
12750,8
84168,8
5164,8
58472,6
87553,9
61179,9
30043,9
25195,10
75434,9
31899,8
48697,5
93932,8
97848,10
82800,9
55433,9
60774,8
13383,3
67532,10
86905,8
88144,11
62809,9
75051,9
27926,8
89947,9
16701,9
76558,9
88628,8
81994,8
47331,8
72358,11
38170,8
44648,9
2084,9
61434,9
95482,8
57620,7
98398,10
29501,11
8004,8
90943,9
86441,9
42814,9
85280,6
68254,8
6660,8
19956,8
14576,8
2869,5
19503,5
55082,8
57635,5
44153,8
37380,8
50557,8
96175,11
23837,8
39753,5
80645,8
75320,10
57079,10
23690,8
10182,5
76255,9
102967,10
38415,9
74169,5
92218,9
89082,8
20019,7
56372,8
96654,8
38570,5
68301,5
27015,9
59920,9
89023,8
15784,9
5446,6
99614,8
91895,5
75140,8
25886,8
71892,8
32455,8
52457,9
45186,6
99906,8
61888,9
66910,6
70904,8
18247,8
27886,9
90714,8
59337,5
87795,8
95530,10
13697,9
68823,9
95216,11
99172,10
48495,10
25912,10
80722,11
98121,7
27431,8
88054,7
79886,9
95515,8
100707,11
91669,10
76292,8
12697,8
95757,11
67985,8
37226,3
88539,9
93441,8
99992,10
71416,9
100085,8
32865,11
39289,9
88408,8
85411,8
5431,5
36395,9
88290,11
10567,9
34469,5
32532,8
60272,9
52890,11
40690,5
57674,8
57889,8
100193,8
65286,11
101451,5
85116,9
57932,9
31937,11
84896,8
96516,9
76707,10
98702,8
59150,9
23405,5
17153,9
20010,8
75056,9
97939,11
15169,11
40371,5
39277,5
56436,5
78513,5
56881,8
99633,11
38760,11
31442,3
48981,9
102454,7
59287,9
42097,6
12298,9
40722,8
85883,8
60892,5
92006,9
91450,8
5026,9
19734,6
72623,10
33212,9
85118,6
89415,8
74135,9
89611,9
12383,8
94487,9
15139,8
6862,8
24948,11
55487,9
93120,5
31642,11
92054,8
101903,8
84265,3
102545,8
90174,11
35348,5
95120,9
3607,10
26377,8
50910,9
18700,9
52775,10
53655,8
80394,8
90402,6
97109,10
13449,9
18791,8
40653,9
81103,5
96953,8
83869,11
32456,8
98839,6
35042,9
61551,9
45000,9
97172,9
9377,8
48050,8
29652,5
76954,8
96408,5
28891,10
87038,9
90776,11
26698,5
47138,7
73969,10
72539,5
39033,9
11864,8
71580,8
13463,9
681,8
17203,9
28382,5
4262,10
59716,9
102330,8
35102,8
98260,8
75427,9
85308,9
49546,11
101152,5
35953,9
60007,8
21250,5
35224,9
22251,7
58313,5
20221,8
49204,9
97516,8
50804,8
74917,11
66304,11
45331,8
99226,8
95853,10
5590,8
42376,9
77639,5
12258,9
97715,8
80830,9
7303,5
19191,8
82130,9
41371,8
54100,8
25841,7
21737,10
26240,8
30188,8
86855,8
60882,8
96483,8
91715,8
99686,11
87968,9
67690,10
87545,5
82400,10
90747,8
62744,8
87632,9
45414,11
16187,9
23554,9
15373,11
220,9
84460,10
72226,11
10805,9
36206,5
72596,8
80761,7
18879,8
3510,10
72444,9
28493,5
23206,11
63145,4
21712,8
64946,8
86974,9
99216,9
94200,7
67035,9
81548,3
66182,5
32687,11
4138,7
2263,5
49260,8
62713,9
93957,9
96989,8
84689,8
88731,7
58503,9
87096,8
61842,9
70977,9
60806,8
63875,5
37194,9
69092,8
83849,8
3174,11
80276,8
77723,5
12724,11
26070,11
24108,9
81706,9
83308,11
85775,5
15678,6
67870,5
85648,9
45134,9
37941,3
59270,9
99502,8
76740,3
86330,8
91025,9
30811,9
33596,9
2141,9
93764,8
74586,8
66670,5
60261,11
84042,5
12111,9
56701,9
31916,10
84955,9
65979,10
39681,8
99831,8
96695,8
14473,5
91299,9
39590,10
100624,8
83325,9
37409,9
62483,9
56941,8
27632,8
53000,9
79087,11
19399,5
14486,10
53689,8
22898,9
38566,9
93484,10
51473,8
28101,5
55174,10
2911,8
100850,10
31681,10
97504,7
81229,11
79284,9
87738,11
97179,7
91044,11
92103,9
87055,11
23455,9
23367,9
21654,8
77922,5
42257,5
70925,10
103118,8
88484,8
64577,8
19868,8
46075,10
33304,8
33261,9
15964,9
4454,9
9727,8
88878,11
98566,9
87769,8
33941,10
4381,8
75963,10
67030,8
33354,8
1272,9
76663,9
91174,9
61186,9
49207,7
3437,11
34178,8
298,10
61816,9
46340,6
96276,3
14954,8
24953,8
80099,8
73121,6
88137,8
9350,10
80833,9
62506,8
89841,7
82583,9
8977,8
86868,9
57507,9
101862,8
90318,9
34397,5
86494,9
11242,8
62549,9
100596,8
4712,9
97768,9
33271,9
57681,10
88182,7
14858,8
44750,8
59621,5
52908,11
62022,8
31409,9
47864,9
4958,8
27369,8
10216,6
36494,11
78720,8
80978,9
38457,8
96484,7
80600,9
93526,8
98158,11
87015,5
56562,8
7073,8
43916,5
95461,9
84087,8
24201,8
60058,8
99825,8
89987,8
79573,9
48404,8
89849,5
42966,8
20890,9
45927,8
7629,8
95072,3
96639,7
40495,9
25316,5
100696,8
18169,9
82205,5
56702,5
25664,9
34121,8
6194,5
87216,8
86364,9
34721,9
78017,8
3722,5
61159,9
78904,11
102153,9
94982,8
87465,11
44464,8
1476,8
34839,8
99940,8
64476,9
35431,8
5110,6
55243,5
59351,8
31872,9
24270,8
26470,3
96199,8
84781,8
25891,7
83802,4
13269,8
9336,8
87473,5
50358,8
20174,8
78875,8
58468,9
32035,8
25436,9
35844,8
65916,11
34510,9
86083,5
61684,8
52913,9
93139,8
60640,9
98410,8
29119,8
7698,11
76162,9
53820,8
5038,8
78536,8
86084,8
87923,8
29848,8
46647,8
63068,10
13013,5
10649,8
47664,8
97126,8
9899,5
88196,4
2835,9
71599,9
13940,10
45585,5
62145,11
92410,8
25780,11
45162,5
46770,11
87643,9
20138,7
82222,9
42555,8
63761,9
3961,9
21607,11
33926,10
78078,8
88605,6
8548,10
102025,7
38326,9
100511,6
10165,11
45122,5
50301,7
87848,9
18775,10
1210,10
102031,8
55890,9
51059,9
74515,7
29872,9
85092,9
66220,8
85071,8
93348,3
14596,8
82018,9
88801,9
12335,9
80011,8
16941,9
30328,10
90772,11
87024,8
76871,11
80303,9
100506,5
77469,9
99926,9
18634,10
54123,6
84988,10
15503,11
32247,5
11416,8
62136,10
48084,8
12600,8
91376,8
96913,11
91733,10
95733,7
56893,11
93103,7
87930,10
14110,10
97565,8
8468,9
90546,3
99382,9
80909,10
22535,7
15475,10
100787,10
1813,8
75930,11
57076,8
80451,8
95634,8
102638,8
37452,5
80970,8
21527,11
43771,7
12574,9
471,8
12222,5
71877,8
90153,9
47634,9
82596,8
5594,8
61809,5
94753,9
40957,8
101187,9
13281,9
86709,10
63598,8
77647,8
10207,11
18431,8
59840,8
13156,11
91779,9
39487,10
92976,5
65103,9
77822,10
38026,11
10691,5
90663,8
91924,10
2015,5
97074,8
54502,5
63790,8
27788,9
47032,5
72753,8
32873,8
71917,8
83242,8
84637,9
60275,9
82864,8
86656,10
47104,9
94740,11
98968,8
87926,8
4447,8
66210,9
85238,9
57733,11
103288,8
57917,8
62275,7
67549,11
43276,8
90858,7
79454,5
5007,8
26164,8
24372,7
88546,10
89640,10
8141,8
17072,9
10922,9
83223,7
82945,9
69644,9
92480,9
82873,7
31814,6
26067,5
95127,8
90821,8
76466,9
76665,8
24884,8
95912,8
4563,8
69944,7
87292,8
44900,8
26656,5
95223,8
41747,9
89610,9
34554,8
77300,8
2727,9
85320,8
15407,9
12311,5
72711,5
88963,8
87692,11
89202,7
43546,9
76395,9
27692,10
4068,9
55648,9
95059,11
102667,8
13231,8
55571,8
74482,9
72618,8
95314,11
9134,11
69285,8
98284,8
35280,8
81014,9
60177,8
27620,9
97145,8
93362,7
58243,8
65690,2
74109,8
76364,9
95479,5
36957,5
93237,8
24077,8
41203,10
46314,7
72458,8
92574,8
49647,8
8044,9
94314,8
26617,8
52699,10
96504,9
15816,5
15939,8
31577,10
61771,8
46734,8
24707,8
71777,10
3047,11
50290,10
53270,8
96928,5
49065,11
51887,7
28065,10
73178,7
2855,7
6214,7
53866,9
90436,9
6866,8
14340,9
81479,8
57697,9
61719,8
85201,10
67621,9
42227,9
28887,8
99112,8
50186,9
89696,5
77475,9
6843,8
59182,8
41064,9
49795,8
81748,4
87481,3
6729,9
41143,9
82139,9
24993,9
19738,10
15374,7
3590,9
60335,9
37869,9
88314,7
84667,9
22453,8
87308,9
64083,9
70928,9
81180,5
29480,9
40443,8
8347,8
95955,5
319,8
77138,8
4601,5
77880,7
53933,9
87841,11
86927,8
76720,8
96457,9
70581,3
34779,9
93168,9
51198,8
15854,9
83374,9
100580,7
68064,5
70508,9
13620,8
75385,8
97771,8
6697,9
9308,7
50760,9
51103,9
59364,7
88950,7
95782,11
24311,11
76959,8
84157,8
50359,9
98881,11
44582,3
91354,10
25568,10
53824,8
93009,11
83557,9
77688,5
88788,10
46897,9
98597,8
91002,11
52383,8
78407,9
103219,9
95366,8
73525,10
96447,9
692,9
11206,9
91127,7
45177,8
1525,9
80007,8
59705,6
94548,8
63927,11
12490,9
95167,8
95581,9
82516,2
99602,8
58831,8
78559,8
83785,8
92132,5
27870,9
71736,9
89568,6
92314,9
52629,7
48310,9
61102,9
22541,6
72679,8
16217,9
8164,8
76823,8
21034,8
67625,9
83435,4
69408,6
91542,9
80922,8
51595,5
71258,9
43996,7
13202,5
53657,8
43999,8
79628,8
59300,8
82038,9
95446,8
7588,9
46693,7
69287,7
82718,9
37967,10
20984,8
33340,11
98741,11
95374,11
71847,5
90258,8
92862,10
79299,10
90151,11
103356,5
40237,8
69212,9
2117,8
29779,5
93345,11
7437,9
51104,8
87113,9
4084,3
51283,10
15009,8
70957,9
29640,8
103334,5
41914,8
65385,9
72379,11
39057,11
87140,5
94486,9
94564,3
55298,8
17667,11
68868,10
88304,7
41579,9
56815,7
57288,8
35724,8
53954,8
46644,9
79823,7
20047,10
97037,8
12796,9
81288,8
87527,8
7085,11
17418,8
103087,9
19424,8
100384,8
57363,9
93794,8
86731,3
7945,8
47866,9
84167,8
47551,9
66383,9
91297,5
102228,8
85124,9
99914,5
29426,9
96702,9
752,7
45738,8
93259,9
72805,9
86915,10
423,11
22868,8
74070,8
49639,7
60948,8
78974,10
17405,8
53283,9
100400,11
61777,11
90729,9
41039,9
83450,9
40715,8
64854,8
99925,8
45504,5
57577,9
103201,11
27096,9
2990,8
96471,10
80197,9
95288,11
39245,7
63455,8
63124,8
51359,8
55563,7
18758,8
54912,9
98694,9
68659,8
23442,8
87331,9
34732,7
35336,7
43948,7
82730,9
62866,9
87436,8
29836,9
51660,5
81812,8
48279,8
103624,8
19539,8
72080,10
50409,11
57862,9
57961,8
77214,10
48857,8
74052,5
89702,9
5933,9
70672,3
43695,6
57792,10
95401,10
57839,9
54936,7
88087,9
98612,8
55455,9
101916,11
99204,9
85057,5
44928,8
97445,7
5457,8
89560,9
8079,8
76412,8
83482,10
47724,8
86442,8
88118,10
70602,9
54507,8
88404,9
76677,6
39359,11
61167,7
3034,9
98930,8
74962,3
86662,4
47411,8
102511,3
85543,10
98064,9
81231,10
68804,10
61005,9
54511,8
99102,5
17708,7
57210,9
47983,9
2078,8
32601,9
99687,9
96299,5
15488,9
87794,10
82224,2
50347,10
80536,7
93293,6
65613,11
60817,10
51471,8
85241,9
9295,8
11194,8
98219,8
43403,3
82776,8
41230,8
65780,8
50971,8
47361,5
52453,8
85677,8
70293,5
72585,8
101116,9
12773,8
85759,10
51407,7
61522,9
63201,8
65117,11
153,8
26297,7
26551,9
25257,8
31130,5
10558,6
40295,9
55178,8
83120,5
50189,10
101937,5
83163,5
40466,5
34752,9
74666,8
77944,5
42526,5
3768,11
65831,8
67764,9
52277,9
87416,10
86056,8
20408,9
91654,8
14984,9
72764,10
40064,9
27031,8
40467,5
58766,8
59067,8
88251,6
77030,7
63213,11
58864,8
24245,6
94905,10
30638,9
82538,5
88455,9
79157,8
13320,8
36240,8
88498,8
36286,11
9571,8
88253,8
29048,7
82546,7
94675,9
67069,9
101076,10
40415,9
52358,8
86121,9
73181,7
48517,8
91224,8
24265,7
92738,8
5524,8
54267,5
34899,9
6859,3
21978,8
53118,10
77559,6
99726,9
72429,8
49817,8
58511,9
102293,9
24878,8
40618,7
48378,8
49353,9
30750,5
45826,9
52298,11
93332,8
94242,9
21798,11
68916,8
65861,8
56736,8
103529,8
51575,10
16971,8
13841,7
86892,6
78609,5
71116,8
91802,5
91814,8
16511,8
32182,8
2896,9
79306,9
2198,8
14307,9
3888,9
57899,10
15685,9
61001,10
10849,9
2658,9
55839,8
25355,8
77365,5
58556,8
51132,5
73000,5
3183,8
95923,5
59721,11
84394,9
74818,9
24835,5
70105,9
60392,11
49854,8
87732,11
86276,10
66709,9
59630,8
100153,9
54831,8
69913,5
16161,8
60756,9
85329,8
98856,9
29755,8
94301,7
91621,8
64521,9
27191,9
86605,5
41095,8
88382,10
78738,9
5576,8
95897,10
5412,5
30583,9
36403,9
12754,9
31049,10
68174,9
80284,8
18340,9
54450,8
44675,11
88988,9
90158,10
77796,9
44396,9
98777,9
73035,8
41369,3
45305,8
22832,6
85312,7
80289,9
60046,10
85340,8
19670,9
81268,8
95474,5
66562,9
80503,8
30060,8
82429,11
87215,3
3363,9
52149,9
55792,9
44818,4
72536,8
64345,11
92402,9
89756,9
59166,9
61514,8
15214,9
14899,9
15909,8
19958,8
58191,11
99866,8
103526,8
25616,8
11455,5
12799,11
2688,8
87263,7
91637,8
80975,10
48226,10
16625,8
22297,9
43630,7
27169,6
28603,11
18693,9
72092,9
10404,9
91430,9
73808,8
84126,9
65188,2
81527,6
39745,9
3562,10
8025,6
71102,9
98057,9
81061,9
28185,8
65022,8
3847,9
83363,8
27950,8
65997,9
77680,9
72435,9
26337,5
41075,8
17342,3
52617,8
22009,7
48374,7
45108,9
8777,9
1824,8
44122,8
49181,8
5102,8
72149,9
64998,8
89997,8
12023,8
2422,8
78221,11
50086,9
85136,8
47503,11
95697,10
76998,7
76237,9
72757,8
70525,11
7744,5
71755,8
37753,11
42812,6
47494,5
87699,7
72810,8
102923,9
103042,8
88122,9
266,8
60018,8
87114,5
1541,11
52040,8
52720,8
97686,8
41605,7
40945,9
92559,9
81948,6
23072,7
89088,7
99114,8
95263,8
18469,9
53103,8
55211,8
66537,10
50975,8
89846,5
40257,8
14503,9
81947,11
97023,10
7790,10
26303,3
98753,8
73231,10
100179,10
78153,11
60516,8
97992,9
15691,9
42503,9
84367,8
91550,8
70732,11
1751,8
93911,9
82798,11
91730,8
40704,5
22350,8
50955,8
95627,8
34861,9
9375,9
56552,9
55611,5
83213,8
30311,8
10065,11
81069,11
46471,10
72135,8
21294,8
84050,8
55075,8
11492,8
2958,8
79040,8
69932,9
65627,11
50369,9
9559,9
6132,7
56430,9
89300,3
93008,9
68264,5
17720,9
18342,8
12595,8
95682,9
48218,8
19712,10
58040,9
85209,5
90343,8
49485,11
34844,3
85541,7
58926,7
74303,5
68037,10
68327,5
5273,10
84830,11
88559,9
19464,8
48036,10
86832,11
90101,5
95179,8
95748,9
86248,9
91060,6
42234,11
71570,7
5625,11
24081,8
33899,7
95815,9
74955,9
70893,9
91341,9
67252,8
58660,9
40225,8
80032,7
83878,9
65617,8
9179,8
42709,5
6612,11
85028,9
26976,8
3923,4
8254,9
32684,7
36773,8
43938,9
71418,8
41681,9
42183,9
87264,8
97140,8
67409,9
95753,9
53104,9
45295,8
103190,8
29170,3
91106,5
45451,7
79689,9
56904,7
44835,8
27522,8
98112,8
67391,8
97594,5
8544,9
25907,8
78860,9
79313,11
102795,7
43405,2
68845,8
84921,8
28696,8
43215,8
23451,8
69817,8
6212,9
83696,8
97539,10
22477,7
80326,8
78531,8
35451,5
98727,5
36459,9
84634,11
45311,10
45424,11
41267,8
38091,9
35971,8
13500,8
41006,8
1770,9
68332,11
1046,9
40235,8
8059,6
28452,8
89071,9
95481,7
94115,7
67264,5
70226,5
27366,8
62659,8
57029,8
80312,5
99957,5
78109,10
58067,9
27899,10
5157,8
61364,9
15222,8
88080,9
41028,8
12763,11
15855,9
68300,11
13131,11
72994,5
23481,8
14614,8
1593,8
91435,8
22296,5
91345,8
90013,8
98710,5
33486,10
92532,9
7243,9
54125,6
10195,9
7809,10
54710,9
47661,9
91651,9
100266,8
66206,9
91974,8
53171,8
22950,5
27315,10
99956,10
89241,8
56835,11
37074,9
1124,9
94482,6
25883,8
60978,8
102010,5
49053,11
40476,9
83674,9
45570,8
102842,8
31003,9
76062,5
87535,7
7614,8
48384,9
98637,5
2487,5
87537,9
79841,9
102242,11
28535,7
73316,5
1867,9
80109,9
86278,8
69426,9
84338,9
44199,9
85603,9
3235,5
61088,9
83648,3
85639,9
44365,8
41152,8
11610,6
84490,8
76945,9
29413,3
98941,2
95528,3
67369,8
83483,7
78583,8
5149,9
11666,9
39692,11
83467,8
63271,4
78681,8
85501,9
34716,9
26715,9
88302,5
35914,10
84144,8
75857,3
53639,11
32093,2
71641,10
8376,3
8372,11
82614,3
70954,10
92817,9
29617,9
2992,11
61562,5
102401,8
86436,10
977,3
92771,9
60914,9
85339,8
75806,8
70694,8
101089,5
97747,9
33950,11
17462,9
44762,8
17524,8
57746,5
37417,9
90761,9
43564,11
98517,8
44572,8
87877,10
37810,9
78775,5
47530,7
86785,9
82917,8
57754,11
92307,11
56274,9
45318,8
92211,8
97994,11
27459,5
7321,8
64956,7
86953,9
80933,7
32578,9
19273,11
36677,5
4303,8
75403,8
42365,5
3245,8
6913,5
39965,8
79906,10
62190,10
43798,7
34354,8
39851,9
42235,9
57,9
13818,8
90388,7
5615,8
39721,8
60422,8
5637,8
36639,8
5548,5
71860,8
68849,10
32258,8
54198,6
55091,8
5544,9
21529,6
20777,9
77244,9
57807,8
93587,9
15635,9
31380,11
101035,8
71357,7
85002,11
85318,8
95404,8
98845,8
63502,9
3494,8
8277,9
12926,11
18236,9
83779,8
89279,9
84862,11
80715,11
21397,5
65342,5
11582,8
38345,9
73038,8
87278,8
8980,8
73376,9
96084,7
16326,11
59575,8
81348,5
33272,8
87604,9
26747,9
79426,11
14665,8
23815,9
86854,8
51444,5
5155,9
64004,8
5559,6
69662,9
31410,8
93533,5
66468,8
67894,9
1253,9
42515,8
24285,8
67815,8
88180,8
70723,9
93081,8
29733,9
100761,9
21247,9
10676,10
88853,10
27922,9
72706,8
98065,8
11565,9
50615,9
73706,8
55840,9
57854,8
86475,5
46603,8
8850,8
21435,9
29758,9
16825,10
54158,8
22508,9
85924,8
36204,8
91525,11
98940,6
102403,9
84549,5
44486,8
67451,8
33982,10
40689,8
59423,8
15665,5
90457,11
95535,6
24563,2
63760,9
77009,9
65935,5
83867,10
46868,9
24344,11
43136,7
90660,10
25349,3
41251,9
12598,9
77873,7
33572,8
27798,8
45433,8
55579,8
81201,10
31399,6
27387,8
102284,11
95,8
63676,8
46129,11
90731,6
76703,10
24470,9
103310,9
76278,7
28560,8
38637,8
5076,7
1941,9
2433,11
23309,9
95795,9
96694,8
57826,9
12814,8
87504,7
57783,6
45241,8
38607,8
53078,7
94311,9
32615,8
90067,9
5760,9
65872,9
37639,8
43770,3
11884,9
17533,9
64777,10
74595,9
61047,9
8403,11
79229,8
11502,9
37376,5
75265,9
21403,8
58796,5
11553,8
68122,8
36668,9
55219,8
93547,11
98376,5
57158,9
34199,9
100593,5
7283,8
1949,8
57096,9
52785,8
46291,10
42901,10
10279,8
66410,8
43291,7
71215,8
97845,8
75621,9
59877,9
60161,9
4434,5
70733,7
100998,8
90917,3
45548,8
10604,5
96684,10
57467,9
20383,9
57004,6
46559,9
94376,8
97010,7
86940,8
70924,9
36317,7
45982,10
44840,9
66978,5
103637,9
7394,7
49116,11
65917,8
89755,5
64984,8
5685,9
44721,9
41325,8
94824,8
14174,8
92361,8
74724,8
16214,11
99809,8
28236,8
100838,5
91769,9
5820,9
13878,8
12869,8
58437,3
90214,5
7421,8
66777,9
76680,8
12884,5
10759,8
28076,8
28640,8
57553,7
30360,7
12845,8
28170,7
68353,10
48389,11
93855,7
38626,9
61349,5
11759,5
45618,5
35637,8
10410,8
67769,8
88620,9
31811,5
100106,9
55855,8
75817,9
34276,9
47464,8
33332,10
1262,7
98020,8
88465,5
14326,9
31001,5
42011,11
23403,9
15264,8
79812,9
86738,5
99999,11
86292,5
94419,9
99111,8
7504,6
96038,8
29662,8
76976,10
91727,9
102310,8
513,10
27696,9
95081,9
88268,8
58403,11
81956,7
7869,8
86970,8
30972,11
96071,7
70271,8
80049,11
89311,10
68143,9
20472,10
82967,9
95938,8
82623,8
32817,8
77966,10
24722,7
90494,4
81058,9
69734,9
1149,5
92853,7
630,8
97971,8
98213,8
70424,8
102323,8
44188,9
62069,9
18241,8
60578,9
79361,5
62189,8
57622,9
85427,5
3548,7
65647,5
82709,8
25979,5
82482,9
86941,9
44169,5
70218,5
55797,9
61728,9
77068,8
51216,10
90718,9
52049,9
32543,8
4988,8
8245,9
34142,8
48144,10
93927,10
84732,8
70208,8
5212,9
54889,9
56403,10
74773,8
43401,8
10514,11
93268,9
76542,10
78234,9
16106,8
54561,3
8253,8
96095,5
98906,11
42198,8
102585,9
92275,9
23282,8
52369,9
62741,11
95211,11
55221,8
10320,7
76699,7
20718,11
42769,8
83799,8
15494,9
24432,8
88859,9
27873,9
17840,10
84329,7
8691,5
74807,11
27114,6
82719,10
76718,9
91024,3
66803,6
16183,7
80702,5
83011,6
92470,5
24165,8
62568,11
3800,10
7136,11
77185,5
7467,8
82202,5
59375,8
76199,10
51302,8
63772,8
37874,7
100978,8
58310,9
80382,8
2926,5
101548,6
33913,7
12289,8
64054,8
84580,8
74183,9
16361,9
51969,9
73391,9
32385,6
42109,8
61040,5
28871,9
24155,10
56178,5
43596,8
87706,5
89414,5
41938,8
93366,9
94655,7
93663,10
54354,6
11813,8
37735,3
89583,5
92278,9
37189,9
38072,8
35027,9
72481,10
70257,6
90009,5
66375,10
44277,6
90329,9
76732,7
87380,8
42685,8
52899,8
102630,6
65856,7
27480,8
2363,6
2093,9
71277,9
33255,8
103095,10
103500,8
72121,11
31699,9
17660,8
73687,10
12811,9
20573,8
39137,8
55336,8
93577,10
42144,6
89771,9
26668,5
93591,8
100865,8
22320,8
26299,8
70662,10
7516,8
90425,8
46648,9
103399,8
82102,3
76454,9
6558,8
58120,9
87697,8
32711,5
49891,5
36329,3
80948,7
9532,8
69643,9
98375,9
65424,9
45594,9
68067,8
93916,8
45943,9
92124,5
83098,8
97918,11
78817,8
12278,9
42536,8
67766,8
40900,10
41337,9
97847,6
40976,9
34100,5
94049,3
80349,11
27919,9
96453,8
4204,10
67505,5
86512,8
7379,8
101038,9
49009,11
45374,9
1563,9
2340,10
81341,10
98066,9
71095,9
15504,7
3647,3
89726,9
19118,8
36785,8
59141,10
57312,10
40529,9
78528,8
72789,7
19863,11
60754,8
75948,9
90551,8
55941,8
74281,6
86777,5
96775,8
100821,7
29124,7
87724,8
77829,8
31701,8
2301,11
37814,7
40554,3
83857,8
89886,10
82032,9
21968,7
46355,9
72167,8
68035,6
28422,9
2942,11
33534,8
17810,8
88726,9
101975,8
91700,7
100439,10
11623,8
61073,10
69658,9
8348,9
89423,8
75538,8
68432,9
86666,9
79465,10
94665,11
102992,8
47514,8
13081,8
47609,10
51398,9
71253,8
95100,9
40185,8
35973,9
37373,9
3158,9
80614,7
21811,8
85106,8
24854,5
5627,10
84127,8
31508,8
73199,9
69619,8
77522,9
28813,8
2961,9
3676,8
69457,9
90296,8
72129,6
22024,8
28792,8
50998,10
17516,7
5281,9
6917,8
55024,9
24763,8
56961,8
87108,5
60733,9
30314,8
8020,8
85370,7
47373,5
11769,9
38466,10
85263,9
73096,8
86715,8
21588,8
9963,8
39805,9
42906,5
14334,11
35879,3
6363,5
44672,9
74632,9
50298,11
45105,9
17620,9
90403,5
66473,5
81707,11
15845,8
87870,9
50907,9
34206,3
76511,9
18648,8
80865,8
51394,8
64398,8
27063,9
60731,8
33965,8
82279,9
8166,8
82394,8
87365,2
45211,8
16841,9
51518,8
35824,9
71374,3
70122,8
86858,10
52183,5
67353,7
84592,6
99487,11
4982,5
8571,8
15316,11
98034,10
25446,8
8264,9
93792,5
22672,8
93602,9
26960,5
66333,9
39763,7
88930,9
64639,8
57262,8
3309,6
29783,9
102021,9
75313,9
90152,8
59914,9
36125,9
64445,10
81969,8
81102,10
68184,9
91661,8
83511,11
21903,8
55528,8
1099,11
25927,8
839,10
100124,9
53167,8
67831,5
89789,11
37396,8
10194,10
16353,8
17830,5
16990,9
82239,9
76735,9
85441,9
26289,9
47125,8
97882,7
102416,8
34626,8
77962,8
930,9
97258,8
61173,9
46276,8
72336,11
99817,11
82033,9
95230,8
98661,8
16960,6
89573,9
14077,5
92326,5
73786,8
78182,8
80964,3
76791,9
9284,9
17284,9
23576,9
96438,8
99047,9
104,5
80875,8
97964,8
31738,8
34772,10
3741,7
82284,8
67653,9
86465,9
13772,9
83455,7
57630,9
11595,6
88586,5
90256,9
103286,9
20497,9
94883,8
60384,11
91848,8
86978,9
80960,5
47076,10
18012,7
103531,8
83854,5
91581,7
25034,9
4827,5
34212,8
51949,11
15543,8
45578,5
5219,5
31099,10
25742,8
95330,8
21265,11
67630,8
53622,9
2042,8
51732,8
35482,8
16364,10
42904,11
74900,8
28252,9
45025,9
90537,9
33733,11
38738,8
57226,7
33039,5
26084,5
97703,8
101084,7
58400,8
81574,9
97019,8
81894,9
32527,8
15039,5
3281,2
88904,8
56883,7
81723,5
99744,9
47254,8
97815,9
74044,9
50562,8
98849,10
55274,6
59923,5
93632,9
86926,11
56043,8
7040,8
82525,9
38617,11
98971,9
101905,3
97930,8
81297,9
55521,5
99344,9
1433,10
89668,9
28180,11
87165,5
47615,5
31787,7
27961,9
100659,8
68387,9
69765,8
24996,3
100584,8
5861,8
34944,9
6110,9
96548,8
28372,9
9798,5
57060,10
53482,9
95324,7
71638,8
15843,10
91019,9
74624,8
27327,8
54017,8
81876,10
75002,8
37109,8
15218,9
86677,9
56478,7
82210,5
68170,8
63360,9
80069,8
15164,9
89700,6
35023,9
66542,9
92236,3
102491,8
61324,8
54358,7
4426,11
40984,9
100304,8
11078,5
23750,8
4083,8
32141,9
44749,10
78053,8
66165,8
33565,8
51178,8
38059,8
88599,7
94167,11
68204,10
90345,8
100242,11
35924,9
51168,8
8064,8
13110,8
41178,10
51931,9
40910,8
69903,10
59268,9
14726,9
7900,8
40552,7
3353,6
32300,5
37551,8
21611,8
79719,9
89569,9
41542,5
100815,10
56193,10
94584,9
29897,9
64442,8
77106,8
21569,8
90268,10
65147,11
101050,7
31953,8
72576,9
37865,8
90003,7
59420,9
17449,11
19068,9
37984,10
92711,8
94741,8
48676,9
74193,9
15815,8
55812,9
63984,8
54073,9
84110,8
79130,7
28741,10
88281,9
9319,9
94961,9
42752,7
53711,10
87452,10
100423,9
33798,9
49945,10
48749,8
71954,5
90866,10
50881,9
83248,6
53215,10
87905,9
31863,8
96534,11
71936,11
52035,9
102409,9
10633,10
22984,7
30326,8
8041,8
88165,8
77561,9
53140,8
89046,8
63517,8
48354,9
6344,9
34328,9
78898,3
72672,8
78107,9
94728,8
83840,8
33310,5
13106,10
55419,5
24606,11
95491,8
81750,9
8456,8
99708,8
97952,9
32,10
98480,8
55007,5
37298,5
11983,8
99086,8
47818,8
16505,8
86590,8
76671,6
86362,11
9695,4
23427,9
7542,8
27901,8
61466,9
27419,8
97892,9
44404,5
88496,10
52760,9
16606,8
92690,9
57962,9
73570,9
79943,5
44769,5
25940,10
50763,8
6039,9
60483,8
91468,9
60301,5
5045,9
39199,9
39816,9
84475,9
15243,5
41248,10
16238,8
88700,9
32678,8
96957,8
52672,9
32669,3
73729,7
86891,8
85754,8
70599,10
34983,11
53292,8
97355,4
10267,5
57975,10
49823,9
99718,6
91032,9
91254,3
77958,9
86929,6
81329,8
98983,8
52233,8
452,9
90398,9
86621,8
88926,9
36992,9
77728,9
47432,8
92049,8
65383,5
81814,9
19973,10
103424,6
1508,9
38703,9
74723,8
100694,8
64284,9
78630,8
84151,11
33326,8
30479,8
85442,8
68479,9
34744,7
55934,9
848,9
70127,5
59531,5
11568,9
48840,8
27144,9
40160,11
100086,9
42034,9
27056,8
36296,8
24241,10
40200,10
89257,10
97795,8
13811,7
84682,9
2374,8
24963,9
96011,9
58648,10
33704,8
16935,8
662,11
30475,10
36135,8
55830,8
101177,9
95472,9
48307,8
13492,10
13893,10
4134,10
50511,8
85237,5
27051,8
70462,6
44853,11
101967,8
88440,3
7876,8
64556,8
45674,9
3925,8
51230,8
98952,8
62245,10
16424,11
12068,9
34075,9
89256,8
63684,11
102400,8
63668,10
15637,3
96231,4
65740,11
94689,7
67638,9
87782,8
82317,8
88267,9
81064,11
3575,11
1848,8
92488,11
79199,8
3127,10
90924,8
83954,8
86317,9
57741,10
14613,9
17074,9
42616,9
36421,8
26129,9
54449,5
73092,8
21132,9
48258,8
3514,8
86634,8
56674,7
96122,9
81964,10
86324,8
92321,5
81981,11
85159,5
28271,6
82880,9
80966,7
98046,10
47736,8
102570,8
9995,8
73141,8
49058,8
94637,9
76084,9
52113,11
34521,8
10185,3
79358,8
58492,8
71950,9
75696,7
81003,7
2248,8
4487,8
16474,9
83727,9
78149,10
97021,9
76805,10
21906,9
57675,5
35199,11
7105,8
64788,9
64362,9
23709,5
82393,9
59485,11
54870,9
12568,9
51053,11
57403,10
80455,8
82416,7
65553,11
54505,8
85303,11
29612,11
10715,8
101165,5
32489,8
2362,8
27274,8
21805,5
100341,5
26019,9
21522,9
8518,6
20514,9
95921,9
14986,9
13921,10
81238,5
64654,8
85324,10
25328,9
25112,8
48782,8
52386,9
73566,10
67805,10
86162,9
86177,10
81930,8
91872,10
31462,10
5454,9
38548,8
61738,11
86429,10
34369,7
91330,7
90615,11
60501,9
102349,8
13549,8
37050,5
77947,8
100223,3
89101,9
81319,3
86099,9
61414,8
93820,9
602,8
61583,10
18009,9
67938,9
86041,8
57960,5
29517,5
92726,9
91634,5
48230,7
53003,8
89938,11
72627,8
39121,8
11223,9
70553,8
64954,8
70866,10
84183,8
64466,8
1772,10
23100,8
13008,8
97408,9
17808,8
55396,8
93883,9
49079,8
47180,11
81484,5
73225,8
65100,8
97583,5
71320,9
93454,5
88892,8
68819,9
78688,9
84910,3
87590,8
84976,8
16723,7
84188,7
69362,9
65686,8
72826,10
23685,5
3250,8
29725,8
9198,8
89830,8
56309,11
63469,7
41505,5
32296,9
83770,11
56799,8
82850,11
89875,9
42598,7
88134,8
18826,9
85562,8
87296,8
43619,11
45917,11
35107,5
61461,8
98455,8
16569,9
49787,8
80235,8
49035,8
68821,9
78617,11
35608,6
73575,9
98498,9
85780,8
45268,9
99283,6
98943,8
25006,8
84164,6
67981,8
76203,8
73836,9
54628,8
33722,9
90911,8
25684,10
37822,7
36057,6
46600,8
86768,9
73076,5
72464,8
85328,9
47717,3
92148,9
39314,8
50391,8
102114,8
55242,8
33924,8
88451,9
62572,11
46841,9
42664,5
56737,9
50753,5
87384,5
81213,8
49522,6
54979,5
97036,5
100953,10
25463,9
38456,5
89566,8
87815,9
47448,8
90197,8
13651,11
20736,10
57714,8
19269,8
82171,11
38749,8
64214,4
99524,9
50631,9
20474,10
27600,7
37895,9
69032,10
43432,7
80166,7
76183,8
98734,8
91792,8
24442,8
69730,5
84946,6
820,9
15495,10
63725,9
18611,8
84742,9
102264,10
60216,8
66626,8
102745,9
11680,5
57435,8
43112,9
76464,9
20394,9
102993,9
7198,5
61111,8
15239,5
40925,9
31161,8
88280,7
32868,8
96341,5
46532,9
6725,9
89908,8
79928,7
81783,8
88487,11
96111,9
86076,9
72578,10
101070,11
24237,9
43049,9
99909,9
84305,5
87286,9
99306,8
94915,9
78994,11
87883,9
90686,5
9886,10
34990,10
76030,8
103379,8
66358,8
40498,9
64498,9
56409,8
66082,8
42101,5
79627,11
17718,8
37819,8
28704,9
50895,9
95192,11
96087,8
53494,5
89661,5
16087,9
103626,7
98812,6
7980,6
94394,5
98494,11
82884,9
84408,9
18759,10
2325,8
98938,8
72216,7
24188,8
43283,10
2684,3
86053,9
23976,8
43078,6
88343,9
34366,10
74648,9
89119,8
98005,7
9922,8
87576,9
59068,10
100253,7
49014,8
35039,9
96820,10
86,7
76016,8
17591,8
81746,9
92095,9
32475,8
42080,3
62518,7
70432,7
32437,9
95355,9
88319,10
17594,11
45856,10
26484,8
35151,8
14317,9
20061,9
72732,9
61737,9
48139,8
75021,8
46493,9
74776,9
83503,7
2492,9
50410,9
6151,10
61046,11
16745,9
86801,9
85618,9
53992,8
1874,8
81946,6
17380,8
102044,11
84465,5
84341,9
76434,11
61475,8
37825,8
38305,10
43053,7
28880,8
1946,8
103484,9
85076,9
48888,7
96681,7
64271,9
69279,8
4453,5
46891,11
500,8
33148,8
91952,8
13138,6
42854,9
246,6
93684,8
11230,9
77974,10
23276,11
81704,9
87511,5
19881,10
69447,9
25910,8
72223,4
58672,7
75371,8
86404,10
81002,10
60175,10
45723,7
13729,11
78780,5
43185,5
96555,8
76531,5
88782,9
19570,9
15628,9
49220,9
100711,9
63918,9
61213,10
64686,10
100568,8
84353,9
98713,5
6883,8
45129,9
70247,8
16103,9
69142,8
17425,10
98109,8
35623,5
46655,7
100752,9
23743,8
95925,7
13304,9
87695,9
60027,9
28291,8
10083,9
68299,10
94750,7
21258,5
89743,7
4066,7
76597,5
75369,11
88145,9
71647,8
1098,8
46993,5
78548,7
33606,9
97933,8
17142,8
36934,8
76152,9
87821,11
31696,8
87327,8
52647,9
84325,10
60290,5
77287,10
86877,5
44058,8
1519,11
41299,11
97546,6
83130,11
17281,9
28141,8
89521,8
80842,11
80679,11
84044,11
94492,8
94939,8
97855,9
540,8
62850,9
88585,6
6324,6
92736,6
90099,9
71397,10
27750,6
6335,5
43977,8
88856,3
76901,8
77894,9
34066,5
65017,8
20923,11
91860,8
83736,8
95205,8
95412,11
90016,10
91847,8
5068,7
79694,5
31684,6
59099,9
57379,5
78553,9
67674,5
41179,9
90008,7
91664,8
73194,5
76479,9
28488,5
57990,9
85380,8
38058,8
33002,8
30052,9
46322,7
74222,8
85203,9
11578,9
86242,8
69446,9
103440,9
17757,9
16258,8
38399,8
789,8
72109,9
75373,9
88725,8
88815,8
1622,8
9814,11
79589,9
15500,9
18235,9
72642,8
3065,11
23082,8
83718,9
57354,10
56380,8
65337,10
77818,8
21128,8
67465,9
91824,9
9293,11
99753,8
39981,10
82657,8
39047,8
12057,8
83786,8
53522,9
34773,9
57425,8
27530,8
72403,8
48978,9
100419,4
95407,8
88722,10
34637,10
68155,8
38795,5
4597,8
69088,8
54228,9
3470,9
5472,9
17319,8
91740,8
32570,8
90643,5
71129,8
64219,9
96655,10
55834,9
100989,10
99716,9
86291,9
1392,5
58520,8
1058,9
37887,8
29524,8
85332,8
64222,9
54312,9
7887,5
94379,8
48435,8
71683,9
49959,10
60196,8
96518,10
90057,3
51175,8
7566,9
61080,8
63996,9
89685,9
32188,9
63650,8
61190,9
7914,8
27084,8
15294,5
38015,8
7694,6
84923,10
19800,9
51393,8
4019,8
3423,10
18359,8
82569,9
92368,9
61312,5
39770,5
85121,7
26622,8
30244,5
89248,9
81043,9
58039,9
56317,8
33929,8
45523,9
44403,8
100188,11
28643,5
1866,7
12775,8
7948,9
6922,11
58516,9
57598,7
87781,9
12160,9
93104,11
30566,8
85709,9
15307,8
78051,9
76944,9
18842,7
59358,9
9682,8
10739,7
15900,8
14146,9
84979,8
32107,9
97762,8
42291,9
100604,8
82152,8
92046,8
68791,9
30660,8
71737,11
14097,8
92121,8
96617,8
20920,8
41085,8
61823,9
17518,9
83396,5
79529,11
100044,9
41494,9
73501,7
11070,9
75004,9
62840,8
28235,7
97796,11
47953,8
91871,10
93537,3
77920,9
30871,9
6462,5
41855,8
13100,3
8709,9
64915,9
97147,4
15249,9
102360,8
61245,9
83968,8
61587,8
76935,8
81001,5
53537,8
23848,8
42698,9
83944,5
60944,9
58432,9
91758,11
93142,9
66170,8
49733,10
51047,9
16677,8
90549,9
80530,9
99843,9
31869,9
32668,10
85207,5
60053,9
50679,9
90255,8
103437,8
94898,10
64055,5
52190,10
34294,8
8168,8
21583,9
18245,9
93945,11
63095,8
86097,10
38812,8
15525,9
19093,4
50471,9
56931,9
82767,5
84845,9
67539,8
50884,8
96103,10
92744,7
14421,9
7251,8
60763,9
81022,8
100035,9
70490,8
99713,9
26731,9
63230,7
94075,9
83265,6
19916,9
85197,8
89665,5
62007,8
65693,10
25913,8
51935,3
76601,11
98999,8
32075,9
32666,8
36886,11
62548,9
24919,7
93296,5
58969,9
50938,9
88111,8
44480,9
46610,9
99328,11
88037,9
64325,8
35022,9
87762,9
58962,9
102595,8
7772,6
10092,5
96887,9
82833,11
5074,9
14564,9
101148,8
14337,10
87486,4
14099,9
37470,8
62657,9
85966,5
87111,5
19095,9
84202,5
14495,9
30554,9
76205,9
91046,9
19245,8
34588,9
89729,9
26810,8
90652,8
942,11
14710,8
13402,7
21154,10
3068,8
67347,9
100546,9
73330,9
78666,9
40969,9
101871,5
72093,8
53235,9
34707,8
99794,8
50078,5
47087,7
2624,9
86871,8
92627,9
15765,9
33859,5
21418,9
44393,6
88492,8
79844,9
85065,9
76520,9
82577,8
60155,10
6186,9
6111,8
92859,8
81693,8
26111,7
98894,8
35043,8
84671,5
72175,9
48994,8
71881,5
17049,9
75006,9
81194,9
73367,5
83094,5
35990,9
81361,6
14975,9
1258,9
68951,7
6329,11
22182,11
20583,9
55151,11
37458,10
6695,8
99207,9
38412,8
58227,5
32239,5
84129,10
87740,10
103292,9
34224,8
64196,9
73826,8
91449,9
76706,10
88920,9
88459,11
98166,11
41527,9
46426,11
70617,8
74968,8
39558,8
81990,10
92398,9
41706,9
90326,11
25869,6
30009,8
41652,7
34955,8
27010,9
44350,8
48432,5
66972,8
6955,5
6795,9
26359,9
94729,11
33871,10
5486,7
55566,9
85095,11
55515,8
81343,8
75992,8
40545,8
91521,9
56087,9
91655,3
87467,8
87737,8
78151,8
8514,8
88552,10
89570,7
75616,9
41321,5
80488,8
71722,8
47433,7
60684,8
2633,8
79075,11
10652,9
53032,10
41765,9
74517,10
44113,5
103415,10
52708,8
86672,8
53980,7
5214,9
76750,8
96396,3
14648,9
83809,7
41563,8
10592,8
20114,10
72389,7
57436,9
59492,9
49543,5
93867,5
15719,8
68031,9
47549,10
73071,9
67189,8
68574,10
66743,7
97073,11
95056,8
13232,10
99931,8
86157,9
42722,8
63219,9
36927,9
28929,5
38825,9
78123,3
66052,8
101161,8
33192,9
76099,5
69094,9
79341,9
53358,10
84696,11
69506,8
14125,10
3132,8
73040,5
77824,8
28446,7
90315,8
12083,8
62939,8
89934,9
65792,8
5331,10
72702,5
49540,9
72653,10
99920,8
52656,9
89239,8
39340,6
93381,9
15496,11
89000,10
40952,6
78697,11
45417,8
29999,9
94948,8
91248,8
103408,11
97574,5
54050,7
62651,6
63050,9
92658,7
5655,5
9574,11
32294,10
4690,9
20619,8
87426,9
68002,7
38736,7
70999,7
3943,8
96786,9
79524,9
55150,9
55587,8
81467,11
68710,8
23888,9
36290,8
40340,11
37095,8
70585,7
29546,8
73459,6
87624,9
52925,9
40749,11
91989,10
23933,6
22636,9
97520,9
88578,8
31777,9
87085,5
96903,7
10560,8
14956,8
44124,8
48655,6
44964,9
103425,9
18476,9
98226,10
38320,5
40846,3
45895,11
102339,11
51776,5
36769,9
4790,8
98659,8
25955,9
101904,8
74559,7
62641,5
71997,9
68285,9
39075,9
91809,11
80108,9
89978,5
94958,8
63616,8
82473,9
60117,10
49813,9
57901,7
18916,8
20038,9
93456,8
56987,7
78828,9
15676,9
89826,9
43795,5
77145,8
39597,8
84647,11
97683,9
96918,10
30688,5
37370,5
86982,5
25026,3
87009,11
2776,8
28964,7
3926,10
67153,11
84274,7
80725,5
65612,7
15444,9
638,9
34379,8
28496,9
82980,11
94392,7
50131,7
9113,7
29869,6
17501,8
71275,11
62339,8
16456,9
88131,5
103033,8
82502,9
93528,9
45483,9
65097,7
19462,5
5675,9
88202,9
86247,5
59001,5
37664,3
88074,9
76109,8
58259,9
62142,8
49153,7
63025,9
90824,9
92547,8
65653,11
44430,7
85731,9
103132,8
89683,11
94944,5
45537,9
88887,7
80550,5
22384,8
102462,9
2446,8
48281,11
42353,8
62586,9
18429,9
86710,8
59953,8
89435,11
48320,9
72081,8
29896,9
66296,7
44032,10
97870,7
54600,9
26032,6
33500,8
71910,8
63333,8
93266,3
58552,5
49097,5
687,9
9303,11
8509,9
19369,5
68953,8
29301,8
75043,7
17365,11
93519,8
67458,9
93205,9
87832,9
94895,8
90978,8
49867,11
32967,8
63430,5
61169,8
71914,7
35697,10
76802,10
40964,8
90502,3
33891,8
62215,9
34788,9
102354,11
23747,7
87750,3
51325,9
4258,9
70168,8
88606,8
91407,8
5344,9
96967,8
27450,8
86188,10
69044,9
61649,8
83882,8
92287,8
14466,8
48591,8
93150,8
21709,8
47880,8
96430,6
56319,11
77678,11
35020,9
7036,7
28905,5
56879,8
86753,9
924,10
39276,4
22562,3
76598,5
78778,9
41204,11
4937,8
70259,6
92774,10
102902,9
40453,8
84208,6
55073,8
23698,8
68578,7
15521,5
76551,9
95235,11
57636,8
83672,5
53399,10
33620,8
91384,8
81702,9
26884,8
9672,9
92429,10
45700,8
17844,11
85469,10
44991,5
52860,11
33080,8
64718,10
85051,3
598,8
98111,9
93172,8
48631,9
10846,3
11117,10
49694,10
14688,9
64005,9
89545,6
100046,5
85496,8
99754,10
4598,9
95498,8
85846,5
52581,10
65751,5
22357,9
102003,7
25444,9
69197,7
81365,5
99604,10
50129,9
35830,7
97514,8
89394,8
69389,9
89027,7
38669,9
83918,8
88847,8
73109,5
91000,9
67692,9
35558,10
82090,5
82895,7
80995,6
14669,8
86476,8
90891,9
47769,8
57718,9
64633,8
93455,9
1453,8
37845,10
12943,9
89722,6
33907,8
94279,9
22093,9
85089,8
68171,8
81226,9
38195,8
13564,9
27348,3
47021,10
61387,5
1498,9
44831,5
87431,4
100191,8
60365,9
18865,9
72393,8
85525,8
29533,6
83933,11
82496,5
49037,9
97794,7
52456,9
48182,7
60493,9
86817,9
90785,9
35988,10
60426,9
101202,11
92512,3
5857,9
1054,9
83702,11
17239,8
12866,11
82508,9
58960,9
53911,5
97091,11
15626,9
75352,8
34745,8
79005,9
41049,9
23653,8
13010,8
58946,8
21237,9
32497,8
36932,8
51644,8
87160,5
77843,8
93416,9
64179,10
3207,8
94638,8
56364,7
86571,8
47470,8
101166,8
61839,9
87123,9
19649,10
76938,9
99725,9
1832,5
14689,11
51229,7
87752,9
37242,9
14800,9
96671,8
38710,9
94736,10
11489,6
9424,8
84045,8
89289,9
103050,11
84210,6
53461,9
80923,8
99891,11
84890,11
68616,9
24070,9
29600,8
95244,8
29978,8
81204,11
63282,8
4769,5
25347,6
32647,11
25745,10
58119,9
61692,6
82751,8
3354,8
59571,9
87118,9
20112,7
54371,7
30782,10
85466,8
103161,8
38784,5
43320,8
13953,10
14344,6
23039,10
88760,8
74965,11
73783,11
97087,8
28580,8
9881,8
49975,11
4927,7
65427,9
48745,11
49366,8
59100,9
87982,6
38451,11
88835,9
17580,8
56415,10
95639,11
36104,9
83331,8
36133,8
100240,9
90593,8
7552,10
55537,8
80548,10
68403,8
69046,8
39833,10
90359,8
42359,8
15623,5
49667,6
12835,8
87475,5
60638,8
97454,9
33450,8
52715,9
68020,6
98149,11
43693,5
61488,9
37460,6
44374,9
49553,8
85221,9
91215,10
54492,8
69085,8
50724,8
30659,5
49344,9
9211,9
21168,11
86217,9
91857,8
96912,8
44907,3
31010,5
81491,11
37852,9
84836,5
77236,11
58925,11
23876,8
78756,11
94589,5
87210,7
50967,8
58644,11
46929,8
92733,8
89861,5
63882,10
14348,11
91671,5
98246,9
51573,8
77045,8
31576,5
39668,9
2439,8
88099,9
40862,9
88084,9
99473,8
41506,7
7086,8
67711,10
90769,10
73006,8
64600,9
97003,3
97059,8
40826,11
27227,7
66405,8
15050,8
50819,3
53038,8
64821,9
7368,9
6748,9
27379,9
94754,3
57072,8
28041,9
80084,8
87600,8
46275,8
12589,6
98110,7
80730,8
80336,9
13789,10
100594,5
79502,9
331,11
92317,11
84363,6
58372,8
41120,9
2303,7
6230,8
6903,8
78217,10
39265,8
30812,8
93986,6
11085,9
25691,8
90312,7
26304,8
86798,5
34053,7
97094,11
83059,9
46326,8
85814,5
62859,10
82196,10
69551,9
26339,9
343,8
73594,9
19199,9
50223,7
29487,8
803,8
53009,9
7381,8
86117,5
81882,10
24035,5
7840,8
87363,8
46433,9
4311,8
71234,9
90349,10
15846,8
42782,8
35080,8
84832,5
42208,11
26050,7
20634,9
40115,8
77891,9
24186,9
3006,9
48759,7
3908,11
33849,9
94061,7
16568,11
46032,9
49372,7
90355,11
97122,9
6094,8
100417,5
97290,8
74695,8
27065,9
70845,8
95822,7
102365,8
43358,8
52000,7
88002,8
46079,9
55713,8
85566,8
10863,5
85479,8
71081,10
11259,8
66316,8
26202,5
84271,8
7519,9
51220,11
57788,5
28549,7
95419,8
60742,7
52181,9
23954,5
27858,8
85139,10
85656,9
36593,8
84220,10
17602,11
85729,9
78054,9
78759,8
50180,5
25647,8
27179,9
88263,8
51909,9
82593,8
24915,8
79401,8
57729,9
83157,2
29084,9
16695,8
95744,9
51989,8
89113,8
5200,8
82882,8
98594,8
96074,8
85064,8
75221,5
19821,9
80200,8
22223,8
18772,8
62002,9
88538,8
67422,7
46754,5
72239,8
35855,8
7042,9
99989,8
97821,8
76003,7
89275,8
26467,10
42699,9
79531,8
65347,3
87485,8
38172,9
51461,8
3526,10
54216,7
4163,5
84871,7
91462,10
19126,8
3070,9
25586,10
32522,8
60470,8
14910,9
87228,9
77174,8
88683,11
97812,9
45617,8
2518,5
72177,7
47200,8
54085,5
53209,11
14379,9
96752,9
47224,8
47164,11
34526,8
58464,9
16447,8
88622,9
19666,8
17420,5
15173,9
4830,11
94032,5
72442,9
13814,7
99805,10
36119,10
46914,11
91397,9
12004,9
46136,9
102645,11
22365,8
75714,5
57506,11
30425,9
64960,8
99064,9
100756,10
13854,7
14242,9
82553,9
90555,9
65294,8
59121,8
14860,8
89322,5
9825,8
57713,9
15954,5
1640,9
62220,9
58311,8
8587,11
89131,11
36418,10
12082,8
44050,9
88933,9
99767,9
4948,9
206,9
19489,9
68699,5
84926,9
67986,8
88095,9
30928,9
66362,8
47901,8
68107,9
71076,8
73149,5
92610,11
64622,10
84463,7
92799,8
33273,8
67869,9
75922,9
30231,8
79327,9
29932,8
86321,5
71688,8
21182,5
91653,8
87865,3
81727,5
91049,5
70436,9
83222,8
9304,10
66602,9
52873,9
76139,8
69204,9
24202,9
19018,11
12944,10
46940,9
89782,9
50565,9
52141,8
13046,5
64227,10
55822,9
40794,9
43974,8
89603,8
56313,9
37382,10
17337,7
39356,9
20440,3
102737,10
66226,8
88704,9
86612,7
57413,9
99089,10
64392,11
18925,8
84833,9
14828,9
94045,11
65459,5
22498,7
84052,10
22579,9
31180,5
3093,8
71210,10
47700,8
89825,8
83268,8
36079,8
102643,8
44294,9
56408,8
97811,11
30229,5
6988,8
78743,8
46623,10
28002,5
45860,7
56118,8
44585,9
63700,9
30717,8
77941,9
98904,9
30914,8
48041,9
16619,9
99812,7
103319,9
39512,7
87872,9
53979,6
43345,8
16124,8
44255,5
77069,5
18401,9
8745,8
43691,9
79746,8
2889,9
18653,9
81203,9
92941,9
97721,9
80779,9
84055,9
99746,10
16963,9
28227,8
102110,8
20153,8
63462,11
21422,5
97977,8
98388,9
96561,7
3298,9
42321,8
36337,9
80707,5
43807,8
11,8
65899,6
90460,8
48654,9
51885,9
39709,8
69083,7
35981,10
94197,9
62677,3
85174,8
86472,5
80883,8
42576,8
58626,8
63951,9
76487,8
31029,8
40321,3
17475,3
47598,11
100334,9
67871,5
80954,11
53545,11
45060,8
9631,9
97249,9
100174,8
102606,8
27314,9
90928,8
47513,5
68041,8
12534,8
85765,5
31708,8
20685,10
38911,8
27243,9
89999,10
34269,5
70608,6
14532,8
102020,8
82717,8
63217,9
42859,2
89451,10
68343,11
28876,7
63484,8
82059,8
24770,5
77750,9
22154,9
62825,10
69230,7
91076,8
102753,8
29615,8
13663,9
34065,5
99116,9
8516,10
34647,7
93127,8
8813,11
30965,8
94283,9
88053,8
101033,11
101099,8
85880,9
89887,5
72848,9
26187,8
92891,10
18036,9
10580,9
84603,5
81942,11
35612,8
62792,5
69835,5
20641,11
19358,5
41447,9
12942,9
82615,8
9583,9
67952,8
80242,10
81157,9
14911,9
16163,8
74691,8
72781,9
10122,8
87652,8
96729,8
4277,9
91234,5
5052,11
30645,9
57776,8
11386,8
41808,9
29153,8
77312,9
85644,8
68219,5
39352,10
61078,10
10476,4
80936,5
50456,11
10647,8
43254,9
56770,7
28552,9
2176,8
90172,8
19448,11
66195,8
36803,8
63972,11
58211,8
6673,7
34931,8
26529,10
87730,11
48528,11
20894,9
26526,8
77439,9
93741,8
89079,8
91891,8
56834,8
50968,8
102662,9
96380,8
2546,8
31531,8
79248,5
99711,8
34286,10
51792,7
41739,9
56602,8
85236,9
94723,8
34125,8
42448,5
77340,8
24787,9
89633,6
44610,8
94759,9
90635,9
34233,10
1738,7
102701,10
99888,9
89450,10
47607,10
64355,5
19061,8
1621,8
29939,5
3756,10
1281,10
51336,5
90499,11
26317,7
85807,8
19815,9
84313,9
34896,8
4039,9
84377,9
51739,6
92821,10
70727,9
1294,9
23301,7
101641,8
33110,9
26492,9
24630,6
93576,5
67060,9
76790,8
71315,8
60363,5
34429,8
52561,8
79606,9
2371,8
72307,9
77840,3
57046,9
98593,5
16301,9
86009,7
47617,9
2858,8
17721,7
48628,9
19352,5
90085,9
47633,8
35509,9
49081,8
56292,5
53499,9
14879,8
100856,5
68208,8
83923,9
59897,10
51914,9
63409,9
86735,8
83541,9
80746,8
31828,6
100137,9
60193,8
33471,11
94192,9
42641,8
64605,5
92718,6
49929,9
39086,9
15313,9
22490,8
1752,11
44006,10
87016,5
62364,9
13030,11
58803,11
86964,7
81771,9
251,9
11844,10
68934,11
8451,8
27912,5
6378,9
68431,9
87814,9
85811,7
18689,11
26426,8
43550,9
54535,9
15363,10
41676,11
5796,8
87892,10
46056,9
15844,9
51329,8
56851,7
94037,9
94390,7
97048,8
79696,9
59985,10
85047,7
30767,11
171,8
18882,9
87560,9
45878,11
77347,8
100829,8
79169,9
38146,9
81099,9
19385,9
101947,11
73998,9
38181,9
26453,11
22151,8
92508,10
52378,8
4784,8
94387,10
103183,8
41365,9
71013,9
45595,9
95909,9
95309,8
10181,9
58299,10
71789,11
72417,8
36724,9
65926,9
26513,8
45692,8
1142,9
49212,8
20781,8
53848,8
67149,9
100790,9
834,8
91392,9
102743,8
85707,8
91632,10
14515,10
6924,8
22878,9
3035,8
44575,8
9499,8
9951,9
71555,9
4917,7
79621,10
70298,7
5951,8
76127,7
11934,5
98976,8
76816,3
11998,8
51435,7
80963,4
94372,6
95258,8
13716,10
18684,9
21031,8
30317,9
99342,5
78197,9
29530,8
11402,11
95833,11
79704,9
46231,5
4402,5
65466,8
2515,11
1658,9
87179,8
2520,10
45682,9
13965,5
83823,8
34353,8
71489,3
82989,8
29309,8
15107,9
23167,11
34035,5
60940,5
62350,9
71072,9
87095,9
6081,9
76114,9
57103,7
2732,9
27657,9
99352,8
89823,8
99899,5
179,11
82369,9
81096,10
13910,8
85265,8
75613,8
48879,9
95455,8
19634,9
72699,9
37613,7
77799,9
76754,9
28078,8
88390,9
74268,8
31434,11
83212,7
12109,9
37056,8
91283,5
37358,5
78595,7
39439,7
23157,8
48176,7
56077,7
45002,8
64393,8
81283,8
84309,9
84008,9
96152,8
91760,8
83278,5
31151,9
53135,8
90907,8
8839,8
59028,5
200,9
11537,8
90178,8
96116,8
98135,5
18541,8
55530,8
92585,9
39582,6
51285,8
42082,9
94504,8
11904,5
97269,5
36485,8
27415,8
14747,11
56751,8
41260,9
18123,7
46759,8
31641,9
71542,5
69357,8
72222,9
61664,5
38196,8
50465,9
69157,8
100307,9
45596,8
91845,8
57780,9
28476,5
99564,10
96845,8
74263,8
70741,9
46845,3
79730,9
87409,8
66886,3
37157,3
48516,8
37727,8
87761,5
12830,8
88875,8
310,9
10809,8
33356,8
35447,11
1342,7
10743,9
83972,8
76588,5
78592,10
50743,8
22889,11
101001,9
9504,11
25027,10
94502,9
17724,8
45716,9
85337,8
56582,8
97043,10
34863,9
84664,7
17117,9
78319,9
89392,9
66954,8
7963,9
31103,5
102833,8
36237,6
92769,8
63040,9
44280,6
73420,9
81821,9
9800,11
5216,5
91582,8
19561,8
59041,8
94416,8
100751,6
1418,9
98323,9
61819,9
90393,5
100672,7
20797,8
72326,9
90906,10
48016,5
40556,8
1328,9
77173,9
83277,9
7126,5
89773,11
87395,8
82484,6
65973,8
85904,10
102015,11
88365,9
6799,11
96329,9
30519,10
74356,11
47563,3
72165,7
97710,8
45969,5
59236,9
44130,8
83617,3
52998,9
58684,9
61985,8
96073,9
52239,10
88322,9
77378,8
79803,5
82613,7
67072,9
87422,8
23248,5
4287,9
83148,5
94701,11
45581,10
99588,8
67652,9
29663,8
36216,7
25218,9
51871,3
25914,8
3188,8
13648,8
99424,9
22885,8
54065,8
72888,9
97784,9
91578,9
91093,9
100048,10
61149,9
29470,8
78001,9
56093,9
51227,9
17932,10
66808,9
17691,8
30373,10
81617,8
661,8
59276,8
34380,3
87618,9
75290,10
73207,9
27884,8
10220,9
99168,11
27768,8
52816,10
99724,9
3939,10
93123,8
88378,8
99631,8
17903,7
56152,8
53892,9
12167,6
20486,8
8144,8
19816,8
92440,10
53295,8
18949,9
7610,10
57233,8
9952,7
35086,5
82951,5
74112,8
100725,8
65814,5
52721,8
87295,9
11913,8
94232,11
8949,9
37515,8
32529,6
65657,8
53599,9
93326,6
29185,3
40341,9
74744,10
37584,7
34865,8
97662,9
81569,8
93512,5
48440,9
94607,9
94700,7
19798,11
49371,8
69542,11
11380,5
16374,8
97571,9
98790,8
59175,8
70081,8
96803,11
65796,6
17908,8
100840,10
50419,9
41130,5
40603,10
34315,8
491,8
73251,7
89963,11
38164,11
15575,9
9780,7
33221,10
75882,10
97649,9
85740,3
81879,9
96488,5
49675,8
70118,9
25456,9
29321,8
92052,9
91768,8
80867,8
89518,7
78980,9
65483,10
96323,5
36273,8
5009,5
55813,8
33526,5
90336,10
17821,8
30585,8
15317,8
72029,8
42132,8
71011,8
65765,9
24918,6
97322,10
888,9
26793,9
2022,8
39772,5
20404,9
19797,8
40740,9
52693,9
8553,8
70759,9
60156,9
70873,5
84174,8
89967,10
37935,9
59147,5
44440,7
62811,11
76325,5
86779,11
90919,5
89112,8
95487,8
38205,3
95942,10
42525,10
35533,11
58659,9
60925,8
34192,10
3675,8
91772,8
435,9
60778,10
72798,10
72217,10
48977,8
31256,5
96072,5
10359,3
50219,5
45161,8
47382,8
82782,9
69243,6
62722,8
98282,10
76866,8
55071,8
95203,5
86839,3
73981,8
58148,8
90297,10
37337,9
24675,8
65345,8
10008,11
45404,11
90410,3
80898,9
10537,5
32565,8
30623,3
102388,9
95804,8
3831,10
11234,9
72896,9
57093,8
34881,8
69081,5
96531,8
42841,8
29611,9
41227,11
96120,7
71836,5
89601,9
93052,5
31062,9
5756,8
89880,5
88197,8
81068,8
43829,11
85876,5
92055,10
86034,7
14687,9
11555,9
81123,6
10095,3
29763,7
9209,9
45569,9
59844,7
36720,8
43931,5
29177,8
37492,9
37681,5
552,9
58156,8
86849,9
63131,10
97893,5
102809,9
83983,8
15583,9
84020,8
25602,8
71680,8
1220,8
82105,11
62915,10
29904,8
84797,9
73203,9
78047,9
60974,8
57958,8
43235,8
51443,8
10821,11
78852,8
84186,8
26899,9
83821,8
53465,9
28124,11
92568,8
95841,10
52793,8
91720,6
33811,9
91777,10
11141,8
38662,10
63853,11
32122,9
86733,7
79033,8
20454,8
71026,9
71344,9
75383,8
95808,10
48773,5
73379,9
28873,9
24381,10
102100,8
32410,11
41644,8
43586,7
38478,8
35384,9
21651,8
12413,5
41830,9
46451,9
78113,10
50357,11
3900,8
15204,10
51119,9
76620,8
13182,8
87837,8
99105,8
52645,8
98761,8
71868,9
76033,6
76361,7
90182,3
67135,9
87716,9
97223,10
10074,8
71546,11
78323,8
15187,10
49242,8
11030,5
98215,5
5838,8
69674,5
87572,10
10645,7
90040,8
6911,8
94837,9
58793,9
96685,8
92714,11
83898,9
102404,8
12586,9
59707,9
76180,8
65004,11
23254,8
31433,8
5563,11
4193,10
91151,8
95144,9
87427,8
96890,8
2529,5
73177,7
74189,7
38813,11
47195,8
59053,8
80719,9
83270,9
79020,5
50515,11
48431,7
13150,10
4475,9
65327,9
59455,7
100796,9
83859,5
66482,8
84057,9
58060,8
78669,9
32513,8
66452,7
35704,10
89631,9
90476,8
2868,8
55437,8
60741,8
81147,9
88810,8
63780,8
34320,5
3379,8
57606,7
87630,9
42377,8
46497,9
27505,6
5152,5
78210,5
47610,8
45453,7
74802,10
72418,8
97473,6
81510,11
103021,10
27087,8
92612,9
38333,8
2805,8
53923,8
21716,9
65762,8
65107,8
37144,5
57778,9
65334,11
84162,11
66105,9
47418,8
86439,9
20849,8
47697,8
42134,10
89474,11
82445,8
66903,8
7592,5
86937,8
31788,11
45833,7
20181,8
100421,9
5278,10
81006,8
72643,11
14511,10
87456,8
91322,9
41928,8
94338,8
75861,8
94526,7
225,8
1459,9
14489,8
64505,8
12062,8
98233,8
83369,9
95018,10
4219,8
48132,9
2713,8
69900,10
59665,11
68224,8
92611,11
8690,9
18103,8
309,10
3870,11
29018,8
90783,8
50734,9
15052,8
91966,5
54854,9
20236,8
4880,5
21253,5
85335,8
6744,9
97755,8
41093,5
97181,7
98484,9
58414,9
35252,3
90305,8
64615,5
31482,7
31085,9
90627,8
29915,7
82245,6
58904,11
60768,11
19923,8
19606,8
24902,8
71306,10
94271,9
1117,6
43463,8
44031,10
31595,9
22076,7
19145,7
72967,8
47496,8
79612,3
83411,10
39294,9
89163,11
75124,7
60971,8
87011,8
55701,9
30341,10
93308,11
67062,8
68719,9
2452,9
89646,9
94514,5
61269,9
83339,9
56685,8
11466,5
26387,5
18346,8
74378,8
60724,9
67979,8
81095,8
11754,10
10454,11
8885,6
82339,7
35528,9
46398,8
5020,8
98884,10
13990,6
48891,8
35072,11
96944,9
46578,9
90676,10
88071,7
70613,9
52033,9
81439,8
10867,5
93691,5
36353,8
90275,9
14475,7
82286,11
2315,8
36908,8
28730,9
89055,9
47890,7
103347,8
16023,9
51191,8
83632,8
30713,8
92723,7
5644,8
96691,7
87391,7
4259,10
97567,6
9446,7
86774,8
9158,7
78441,5
72325,9
86882,9
46928,9
40717,8
71383,8
35053,10
99049,7
85288,5
13102,9
17061,3
87675,8
99450,5
89690,8
75749,5
46297,9
4308,10
22234,9
80087,11
4837,9
93395,8
103044,8
45227,9
13973,8
78311,3
62085,7
26652,6
88298,9
53851,10
31704,8
44741,8
97726,6
21081,5
76060,8
95762,8
99308,9
58620,8
73133,9
87778,9
39729,8
96098,10
50769,8
44237,8
18486,8
42942,8
49924,3
92721,8
5413,8
84600,9
83714,7
87340,8
70488,11
30042,8
5670,7
36453,10
50492,10
12688,9
46837,8
31048,7
19929,11
67800,8
20846,6
90856,11
355,5
85464,5
82201,4
8104,10
4523,8
58474,10
32099,8
62079,9
90323,3
57601,9
28579,7
91858,8
11167,9
41376,6
100406,5
68295,5
69780,11
8731,11
68571,9
43400,9
82986,10
42663,9
28707,8
102167,8
94954,7
17771,7
65069,10
11615,9
93286,8
73201,10
1942,7
100888,11
95449,8
30502,5
74845,8
44326,9
76593,6
22054,7
79165,9
27209,7
19844,7
34551,8
31603,8
25167,5
12888,8
99375,9
42170,9
95204,5
32581,8
5367,8
54014,8
87392,8
8925,8
86289,9
93204,6
27199,8
69305,8
6031,5
8584,9
61474,5
12112,5
77064,10
76185,8
4355,11
68942,7
36742,5
80221,9
88241,8
87563,8
49439,8
11297,8
44148,9
28241,7
90308,7
90618,9
92848,8
55049,5
25281,8
50715,9
99872,8
1019,8
37481,8
2451,8
15666,5
82523,8
69380,10
88639,9
60013,8
90611,9
95095,11
53168,8
58964,8
23552,11
48318,11
29042,8
86689,9
55581,5
95125,8
62646,9
50350,9
84548,8
36960,9
85565,5
100430,8
150,9
38444,5
72595,5
101094,8
20277,5
29950,10
77313,8
69982,8
24154,5
87129,8
77973,8
47419,8
4270,5
9185,9
82768,5
92401,9
50621,6
16173,8
15723,8
80908,9
32480,9
37165,10
27756,8
89412,9
86962,8
85127,9
49744,9
40204,9
97712,11
76332,11
38130,5
97951,8
62025,8
81308,10
66081,9
18457,9
32662,7
35460,11
88273,8
24481,8
67234,9
62097,9
39595,8
102874,10
28559,9
103422,3
81185,9
84949,8
86001,8
9271,8
87787,9
81209,8
86236,10
84606,5
66131,8
18609,9
80427,8
37957,9
76876,11
72498,8
40871,8
65228,10
91649,9
78101,11
58355,11
56497,9
22694,8
72382,8
28423,8
58898,9
98298,7
49890,10
23253,9
61511,8
31887,8
38056,9
97238,8
657,11
14662,8
87336,11
77249,8
64518,8
39480,5
98745,11
58356,5
20412,11
62652,8
97829,5
56946,11
6621,9
17237,5
2256,8
91467,6
13657,8
54338,8
36083,8
21114,6
69153,11
35709,9
15942,5
51462,9
32417,9
27995,9
10365,6
61181,8
72634,9
43858,9
75465,11
76211,5
33542,11
83948,9
1072,8
48170,8
77248,3
54586,3
88431,8
24175,11
72662,11
55975,11
69107,8
99681,8
709,11
35426,8
8307,8
102318,9
28648,5
72754,9
67225,8
94674,9
59894,8
94485,8
15447,9
69432,11
58493,9
75254,8
92869,7
31117,8
85556,9
17818,8
28686,5
73682,5
15091,8
88292,8
5373,9
16497,8
80012,3
38276,8
18227,10
85475,8
58054,8
1495,9
59704,6
100896,10
92528,5
88022,9
39162,8
5218,9
92664,9
26466,9
94187,8
81114,10
66281,5
57339,10
86698,9
3553,8
87166,11
68773,8
47538,6
80140,8
83517,10
93839,8
55053,5
52766,8
21861,11
83101,11
90688,5
89359,8
94968,8
40650,9
83145,10
24771,8
79257,8
2201,9
9735,3
10268,11
12519,3
59933,6
7788,8
69405,8
96980,9
49749,8
36717,8
20633,9
75058,9
42678,9
10051,8
71016,8
61128,8
76524,10
72090,11
85878,9
41621,8
61810,7
72669,8
60982,8
97533,11
94861,5
17563,7
64388,8
91090,9
72598,9
50725,8
1452,8
92485,11
87929,9
18253,11
95636,11
95686,10
7957,8
21355,9
64341,9
51789,10
31644,9
3511,10
30004,9
57915,9
52202,9
63046,9
24970,5
3092,8
11897,10
56739,9
54547,8
96490,8
45216,9
46180,6
102218,11
60419,8
90837,11
46421,9
30021,8
93844,8
62118,9
26912,8
61380,8
65133,8
99785,8
1486,10
54856,8
87315,9
50929,8
88235,5
32441,8
86727,8
33822,9
78966,7
41582,7
30246,5
43039,7
13354,9
77933,8
42694,8
88820,7
68210,5
57171,9
102219,8
95937,8
84925,9
37447,5
92068,8
12714,7
9458,8
89134,9
73045,9
16222,9
30250,8
57525,9
82611,9
17922,9
61794,5
15540,9
13824,8
71270,9
88799,9
46615,9
26796,9
68223,8
71663,8
31098,9
87458,9
10590,5
82783,11
64453,8
4531,8
70751,8
90767,5
78501,8
30786,5
88763,9
47174,11
929,8
91050,9
14177,8
83359,11
43097,11
68830,5
103176,8
44004,9
31678,8
95652,8
13337,5
42153,9
74283,8
96384,10
55845,8
29033,8
85447,7
6980,8
21907,8
91307,8
48450,11
103336,11
64595,8
50324,9
77779,6
1538,8
66098,9
33185,9
44142,8
76391,8
63156,11
68156,9
84316,10
55694,8
92681,11
12729,10
64181,9
83466,9
27426,10
82556,8
34223,9
2204,9
57132,9
91434,8
100455,8
84287,9
30804,10
72187,10
42327,9
85270,8
100793,10
53702,8
45011,9
86268,9
68385,10
6565,5
95349,11
21136,9
67500,9
85338,11
84083,9
9447,9
68027,5
79058,8
73878,8
30780,11
41232,5
87744,9
65209,7
70996,11
26863,8
51147,8
89235,8
91925,9
35152,9
63844,9
45832,9
77192,9
32622,9
102295,9
15401,9
85037,9
82025,8
42800,9
49264,9
95254,9
83572,9
4655,8
78625,11
54531,11
96107,10
64371,8
79366,5
80593,6
99079,8
97116,11
21695,9
57825,9
74820,8
27312,7
37697,8
36491,5
39648,8
38708,8
12517,8
80154,11
59614,8
76623,11
64862,5
51428,8
62622,8
85614,9
9141,8
43163,7
95020,8
89108,7
22258,8
61059,9
86957,7
63709,8
78048,9
39307,6
79532,8
51476,9
91869,8
96800,9
45454,9
59054,9
44918,8
35708,9
65925,11
86064,9
81570,8
99804,11
102241,11
89237,9
81592,9
63290,8
5789,9
10795,8
34017,8
21245,9
43351,8
32999,9
102987,7
96214,10
30573,7
36004,9
71771,9
45759,8
26123,9
66284,9
73790,9
89657,8
12693,11
70369,9
8442,9
32827,7
59939,9
41458,5
76324,9
99537,5
3967,10
557,9
54953,9
92325,9
96501,7
22082,10
56463,5
40446,5
38222,9
90674,9
56183,9
91080,9
57353,9
53447,5
85342,9
82438,9
43679,8
72512,11
11738,9
84132,8
59632,1
92870,8
97400,5
37728,8
63419,9
21185,8
92298,10
89050,10
31222,11
87270,8
31515,9
71092,8
31602,9
4301,10
60318,10
49759,8
90706,9
44320,8
87091,7
93817,9
72875,9
35018,7
84022,8
79266,9
82085,8
87362,5
62407,9
33197,8
33026,8
22682,10
2656,8
36184,8
16565,9
49570,9
10493,9
100934,7
61501,5
65194,5
39774,3
100311,5
70096,8
96412,8
49892,9
97440,9
94122,7
84821,10
40402,8
53964,10
95706,10
95477,8
64409,5
59083,9
4773,8
7263,8
24633,7
1318,8
92917,9
11871,8
97923,10
34216,9
56069,8
69163,6
14784,10
31364,8
59742,8
67874,5
85168,9
22005,7
95301,10
34661,10
36220,8
40711,10
52881,5
48927,9
86961,6
87902,9
89589,8
38080,9
96990,11
22505,5
8463,10
22531,5
50854,9
10189,8
75768,5
61634,9
100585,8
95035,11
74157,8
85499,11
17550,8
18150,8
5473,9
97618,5
46385,10
65458,10
3431,8
30225,8
78821,9
71241,11
30586,9
44007,8
94652,9
91312,8
30665,8
31698,8
14695,9
100007,8
99360,8
62500,8
6598,9
95087,9
33042,3
23144,9
3869,10
27851,8
17340,11
2270,9
39389,5
33888,9
17100,8
47823,6
83437,8
26716,5
30303,9
17714,8
73424,5
99228,9
64032,5
79556,5
87994,9
69417,8
80358,9
69564,8
70867,11
71477,9
2738,7
81125,8
94926,5
87519,8
10831,10
97986,10
49931,11
54670,8
34421,9
6802,8
24307,8
13576,9
13358,8
78261,9
87497,9
99669,8
59564,10
91785,9
67055,7
16550,8
30062,8
82174,10
47413,10
99235,10
98735,9
53483,8
21754,8
94174,8
80562,9
62898,11
1511,8
102394,7
29117,10
73396,5
55908,8
29069,5
55000,9
437,11
51236,9
40985,8
29528,11
92283,8
43219,9
11429,9
986,10
45043,10
86898,8
53624,5
42180,8
35567,8
40328,11
70405,5
86889,9
25508,11
82858,8
33835,5
43694,9
22843,11
26670,8
66969,5
93113,3
27611,8
51267,10
80246,11
71079,10
73967,8
52808,7
97684,8
102076,8
90670,11
46092,9
21460,8
29341,9
55207,8
80364,8
10988,8
93821,10
102493,8
83880,8
37089,9
99147,8
77588,8
76817,8
29281,9
79596,8
30083,8
1975,8
37128,10
51804,9
48680,8
41959,5
64746,9
91820,9
71199,10
72269,5
40940,9
61402,9
85253,3
90860,9
28199,5
19770,10
102802,3
92292,5
70763,9
85108,9
25260,9
80129,11
9425,8
64719,8
56887,9
4182,8
74205,9
94738,11
47535,5
73859,11
8860,8
95297,10
10340,8
12342,9
734,8
100127,9
63797,7
37190,8
41438,5
40091,9
63266,9
54609,8
12444,9
92698,9
25061,8
13511,7
100017,11
13423,9
98153,10
56847,6
60608,8
52096,5
50849,8
20414,8
84796,7
51374,5
18144,8
16372,8
69235,7
56482,9
88039,8
88939,8
57275,10
85672,10
80523,9
66186,9
7830,9
86325,11
10337,9
50815,5
32584,8
88812,8
69875,6
28073,8
77158,8
85688,9
44308,11
91305,11
77467,8
1384,9
22413,8
56956,9
59199,9
30962,9
28926,8
63575,9
21147,10
102958,9
86805,8
60818,5
67569,9
49927,8
30760,9
43420,8
96744,7
20144,8
4716,8
2136,8
9230,8
6715,8
103589,8
21123,10
556,5
71300,8
8193,8
74758,8
91986,11
39561,3
88686,7
94945,8
9734,9
75713,8
82395,5
34299,8
13145,5
84124,8
79713,6
91702,11
57062,8
80856,8
67461,8
94478,10
88627,10
57444,8
74705,8
35774,8
78858,9
93384,6
92353,7
22506,9
75487,8
59328,7
17641,9
85080,9
100132,8
53590,9
255,10
46124,8
71144,8
25839,8
91628,9
27043,8
4800,9
59387,7
32718,5
19832,8
37913,8
95317,11
60497,8
59459,9
85581,11
88905,9
52700,8
60368,8
100407,9
56838,5
49552,9
97798,9
67613,8
70042,9
83480,8
102350,5
8856,9
33759,11
68151,5
2644,8
31674,11
35827,5
40886,9
95940,3
95136,8
15055,8
94400,8
29645,5
86328,9
83263,8
51430,9
73934,8
50509,8
39170,8
49602,9
39441,9
50505,8
92903,9
95133,8
24875,8
49015,9
5824,8
16832,10
12686,8
21815,9
77305,9
25151,8
64520,8
59692,9
86924,9
101154,9
4076,5
44096,9
25788,8
79218,8
56644,5
71967,11
10460,3
46085,7
39642,9
21723,8
51233,8
37284,6
22698,8
67948,9
103476,9
67820,10
1805,11
3515,11
70947,8
6095,8
61126,8
21393,9
98043,9
24894,7
44088,8
27765,8
87655,9
70028,11
24219,10
43317,9
5057,9
12170,8
60000,9
83023,11
83167,8
9868,9
98844,5
100759,6
76711,5
72120,8
102357,3
54169,8
13769,8
54303,10
20525,8
87857,8
4425,10
71523,11
49770,9
94934,8
70199,5
61852,10
84464,9
75223,7
32395,10
89310,8
87158,7
59997,8
1652,11
93897,9
54876,11
91511,9
60184,8
81507,5
47565,10
89622,11
62433,9
71395,11
50616,8
89449,9
97200,10
41161,9
35825,9
55927,9
33023,9
3224,6
82773,10
1315,11
99751,8
52106,8
85608,9
95702,10
63081,10
49265,6
62006,8
31691,8
10094,8
55061,11
95826,10
30428,9
43008,7
60607,9
9622,8
24405,8
45178,8
43572,9
76721,6
10868,9
59285,5
41194,8
82756,8
79794,9
97917,9
83895,5
3652,11
70986,10
46459,11
85055,9
38271,8
39372,9
70542,8
1407,9
30257,10
9007,11
88462,8
2023,8
96620,8
53709,8
666,9
103558,9
68598,10
47354,9
20315,10
87767,9
48075,10
65166,11
39567,11
61686,9
31658,8
96018,5
84130,8
84385,8
15766,11
63669,11
34175,8
16152,9
70179,8
83493,8
84122,10
38661,8
51050,8
77619,8
16013,8
85235,4
77318,9
92138,8
35889,11
10361,7
6332,8
22150,10
27752,10
52160,5
69152,8
60231,9
54424,10
88670,7
54744,10
70914,8
74622,7
68918,8
29769,9
88062,8
44647,8
16493,8
42472,8
85502,9
98800,9
99125,10
3052,8
54271,9
68397,9
67571,10
64872,8
90306,10
69598,5
91308,8
40873,10
3271,9
100227,11
45534,9
34329,10
91946,10
97652,8
88891,7
91513,9
103333,8
95210,11
24571,9
73361,8
32390,8
20516,6
91509,2
25372,5
49631,8
23924,7
7335,5
88495,10
90763,9
41963,8
69158,8
39587,8
14264,9
35935,10
81549,7
50904,8
26204,5
62417,9
12379,9
43070,8
27706,8
73561,8
2425,8
24444,9
38602,8
13218,8
86685,9
86496,6
44503,8
63947,10
19085,8
12126,10
86326,9
78386,8
85322,7
29391,8
45752,9
81751,9
86679,7
80993,9
60824,8
55267,6
62409,9
97368,11
59677,8
6863,9
88651,9
77395,8
4589,5
6209,11
95764,8
86179,9
62629,9
82040,5
39632,8
62999,5
78699,8
51684,9
77263,9
35240,8
60137,8
69523,9
81279,8
95320,9
54177,8
13767,9
82535,5
22559,8
95085,10
39509,8
90260,7
12429,9
96783,5
1413,5
62153,8
39117,9
30242,8
91218,8
3609,9
57683,9
76964,9
88583,9
95183,7
78782,11
37606,5
45323,8
4215,7
5227,10
37725,8
84524,6
85649,8
94842,9
95675,10
93554,8
89085,8
45960,8
59356,9
67481,7
17898,9
17220,5
42999,8
102750,8
52376,9
25301,7
52666,5
46285,5
1609,8
32821,9
74333,6
92659,9
16908,5
69920,8
80426,8
100569,7
85594,9
73237,11
86048,5
64049,10
78600,9
7009,8
80096,10
57945,9
99832,9
64066,7
55573,10
74037,9
22244,8
22835,5
41029,10
45171,8
89720,9
50920,8
26885,9
90053,8
62289,8
18244,9
57672,8
14897,11
34730,8
16600,9
20728,9
12304,9
44939,8
26602,8
85425,10
81577,10
82142,9
87017,11
32822,8
86748,9
80847,11
20655,3
65561,8
32098,9
15809,9
51515,9
55062,8
97750,5
29496,8
66690,11
89652,9
50596,7
3358,10
90539,9
58948,8
22585,8
35544,8
48234,8
34854,11
59793,8
31961,8
54668,8
47568,10
98105,8
76863,5
97858,8
49497,10
88433,8
90472,8
72437,11
29899,9
12565,9
50273,9
93449,9
90550,8
89232,6
84626,8
58371,11
88181,7
73170,10
11654,8
99033,9
296,8
57996,8
72737,5
1116,8
3085,3
37480,9
91783,8
14802,8
64589,9
26592,8
76829,10
78604,11
29800,5
35169,10
54618,8
51539,8
62447,9
72892,9
72570,9
78404,5
69210,8
38381,8
79494,8
90076,9
17741,8
7008,8
15200,9
89358,3
63701,8
88557,7
75496,5
73186,9
47965,7
77672,5
39653,7
79027,7
79437,11
83876,9
4805,8
24073,8
27023,6
88581,8
69743,8
83555,8
87878,9
10269,9
80799,8
41548,8
43553,5
81249,9
45315,8
51253,11
86006,10
13679,9
1321,9
3671,8
36263,8
5429,11
96121,11
53965,8
22425,8
20262,8
64568,9
6719,10
79146,8
74506,9
87573,9
93367,10
73757,8
37421,5
57242,9
19601,8
27203,8
16233,9
71470,11
78562,9
68401,8
83538,10
97061,9
60151,8
82797,8
35294,11
43284,8
6047,11
39684,9
99255,9
88863,9
93115,8
39527,8
77079,4
24544,8
6704,9
21526,9
43225,8
63272,8
15306,5
65278,9
100026,5
34845,7
6219,6
38875,5
48336,8
84612,5
9321,9
95414,8
6726,6
4875,5
47380,8
87469,7
80668,8
53324,7
96542,9
41823,11
87420,8
65649,10
27492,9
14698,10
17336,10
69703,8
93968,6
12539,8
44373,8
64118,9
16746,9
69845,9
49781,9
47978,10
95302,11
15932,8
92443,9
19612,7
50647,9
6268,8
68276,8
80126,8
95824,10
33460,9
30719,3
24846,6
75584,8
19376,8
67959,8
80927,9
82770,5
19777,8
42907,11
12972,10
19373,8
32597,8
4624,6
21098,5
59379,9
93589,7
35477,8
3623,10
47777,7
101088,8
18787,9
9412,9
71614,8
90956,9
84527,5
3012,5
12059,8
60976,10
8137,8
80675,5
76734,9
80945,9
92082,9
49251,8
90387,3
39533,7
42036,8
100177,10
69167,10
84687,8
215,8
74233,9
100190,9
88877,5
72568,11
39378,9
28434,7
67843,7
41720,9
103390,7
93603,8
94056,10
7535,7
84089,8
5881,6
53183,5
12786,9
8843,11
63983,11
83734,5
88477,11
50242,10
51241,8
29820,8
28901,8
85354,10
13781,5
48709,5
82026,9
39414,7
12749,5
88691,8
88151,8
86371,8
11634,8
92725,9
20621,11
63968,9
56341,5
78236,9
74121,9
6971,3
25614,8
94889,11
83343,3
69629,8
2785,8
29596,3
13709,9
97756,8
25755,9
51685,8
84155,11
101883,9
11161,8
48573,9
25385,9
70804,8
6238,8
78514,9
36404,8
85309,9
68840,8
12418,9
49323,2
27020,8
94974,10
4018,7
29554,9
10282,8
39370,8
89642,7
3535,9
97692,6
27284,11
91185,8
61025,8
26033,8
91597,5
34349,8
3696,8
853,10
93010,5
97032,9
82418,8
54559,5
39532,9
412,10
95751,8
7035,9
52563,8
60337,8
94724,8
48376,8
1060,8
9519,8
7148,9
73491,9
102679,2
2026,10
3537,11
43269,8
49662,9
92712,9
8739,9
11968,5
28916,8
48346,5
97506,9
10484,5
83004,9
20881,9
13760,8
79959,9
33971,10
71261,10
80321,8
62790,9
26343,10
324,10
33662,9
42407,9
72997,9
6227,9
8019,8
96515,10
96313,9
24759,9
102070,10
82443,9
55113,8
92311,8
70040,8
19336,8
75472,8
61101,10
93511,5
21277,9
64462,9
53807,10
40768,6
43960,8
19939,6
84483,11
2207,9
75478,8
69916,7
39608,9
66099,8
40523,10
92329,9
68000,8
45030,5
70739,11
11284,11
27971,5
65570,11
68371,11
12116,11
22654,8
1855,8
50188,9
66427,8
6092,8
10765,7
79269,7
91136,11
19847,7
92763,8
36244,7
54639,9
85026,11
81642,5
26200,10
32492,8
44588,10
89859,8
97015,11
64189,9
99122,5
40721,5
42991,8
65523,9
38143,5
67414,5
7072,8
19513,9
32924,9
102220,11
95802,8
38687,9
67594,7
34164,7
48134,5
98944,9
14381,10
7194,9
79014,9
17766,8
85762,8
25990,10
84615,8
32467,8
64343,9
56054,9
84609,8
42112,8
73592,11
79314,10
83673,9
82351,9
35527,8
76920,11
56336,9
70090,8
102059,7
91068,5
25805,8
87044,8
14477,9
51569,5
4408,11
64123,9
64554,8
81094,8
83095,8
81208,9
13902,8
78564,8
35419,5
88091,8
39435,8
11910,11
27323,3
80862,9
94465,8
99663,8
39412,9
1088,8
688,9
95834,8
82821,8
90463,10
97432,5
24556,8
66197,9
58295,9
99093,3
31645,8
54962,8
97248,11
74867,10
57769,6
7028,8
97387,10
59354,9
55585,9
41220,10
99776,8
25076,8
47287,9
46133,9
50985,8
4859,8
43651,7
53569,11
2148,8
86308,8
31102,9
44935,8
4654,8
33939,11
88257,10
93272,9
99695,9
91482,8
19828,8
96009,10
97932,7
67043,9
41559,9
51780,8
34493,8
41486,11
101199,5
14221,11
70949,10
16129,11
22776,9
75986,8
45375,8
72701,9
92024,9
17322,11
8862,9
94155,5
53101,8
48821,9
45798,8
65526,8
87584,11
14701,8
53275,7
102296,5
56831,8
86863,8
91889,8
31131,5
58026,11
85756,8
85805,8
76873,9
70325,8
85718,9
45281,8
73480,8
102311,9
1456,9
19932,8
6956,8
77005,11
78332,8
44401,11
27363,6
47065,9
31583,5
35975,6
42105,10
90452,11
88991,9
28519,8
14654,9
80271,5
62680,9
36501,9
83709,5
55435,11
69969,8
88097,8
47035,3
49352,8
103128,10
39333,7
22393,10
10363,2
65253,9
90567,9
88852,11
70319,8
40486,8
68212,5
33336,9
86742,5
84520,9
85077,8
72277,11
31837,8
86108,8
92679,8
57064,9
48012,8
96796,9
76638,5
48458,5
65494,10
57761,5
25035,11
37022,11
51917,9
100813,8
82512,9
60002,9
87532,8
21269,10
91088,9
92842,5
83715,8
62597,8
84533,11
55185,8
57428,9
75738,8
96500,9
78233,8
81738,8
14260,7
53579,7
67884,9
45987,8
4820,7
45376,9
56539,8
72009,6
68252,8
52706,8
88242,11
87339,8
23104,8
88043,10
31286,5
30572,9
66933,9
78497,9
91204,9
14321,10
59412,8
77155,10
68718,4
38530,5
51343,5
72233,9
40995,11
97709,8
95902,10
47855,8
90299,9
20286,6
19977,11
86403,3
10452,3
38646,8
103337,6
5098,8
22285,9
16586,9
62839,9
103109,8
6777,8
50084,8
36503,3
92960,8
66735,8
6928,8
57824,7
54509,8
73023,8
22060,9
82315,5
85283,8
5275,9
48168,8
53155,9
46054,9
18151,9
88454,10
69733,9
97926,5
51947,8
2496,5
72209,8
103065,8
47499,9
51287,10
5114,8
29940,7
48137,8
48786,10
87145,8
29798,10
64377,9
2375,7
6593,9
94762,9
75069,8
94172,10
26436,8
73303,7
14323,7
93838,9
5622,8
46870,9
8932,9
95926,8
31735,11
85568,5
91157,8
85640,11
70059,9
33555,8
66572,8
37112,8
1209,11
78339,9
44205,7
94823,8
23801,9
58262,10
84531,9
14803,10
96679,8
90120,9
51561,8
91909,9
29823,7
30247,9
65447,9
44176,9
13815,9
73084,8
96536,6
43660,8
34432,10
83999,9
36725,10
10417,8
2000,8
15818,8
31455,8
13240,8
93338,8
60615,9
77468,8
85384,9
40130,9
24018,9
87745,9
85943,9
31646,9
12664,5
32289,8
102851,10
33106,9
31771,8
91483,8
17144,8
47193,10
72506,9
46025,9
93772,10
55204,8
91642,8
43193,9
34657,8
56687,8
54076,6
54467,9
74993,8
82428,9
2866,7
616,8
55554,8
97878,8
78249,9
64326,9
70724,9
59393,6
54591,11
31743,9
1838,7
42050,6
95606,8
12627,9
54137,7
56757,8
20155,7
63411,5
87430,7
93705,8
49783,6
9413,8
16579,3
97547,5
79737,11
98107,9
79018,8
8971,8
62146,10
14378,9
20545,9
69909,9
34746,8
10536,8
8126,8
59176,8
48088,6
37497,9
68892,9
71930,10
92695,9
91605,11
93451,5
58945,9
40359,7
62373,8
88975,5
51003,7
77156,8
82824,10
91914,8
70890,8
47778,10
80903,8
87715,8
70099,9
62963,8
41113,9
90468,9
95810,8
95727,9
76559,9
14876,10
78749,7
2404,4
11573,9
41583,5
29145,5
18005,8
26097,8
45048,8
56303,7
57317,8
95436,8
15002,8
73953,9
85359,9
19898,8
102402,6
70445,9
35646,8
53125,9
894,9
46605,9
73938,7
76628,10
54030,9
27660,8
3684,10
93703,5
83936,7
54686,8
24881,7
4736,7
60011,5
58020,8
47781,8
24784,9
83318,8
4990,9
14319,5
70980,9
792,9
98195,5
40487,9
85870,9
13977,11
30952,5
10455,8
43141,9
3386,9
91805,8
84734,11
84516,9
25842,9
33816,8
94213,8
78623,8
19646,9
90462,9
37187,8
97404,11
67077,6
93564,8
91412,9
48181,10
70061,8
89338,8
56479,8
64656,10
67407,5
35853,8
47848,9
62519,9
90556,9
80664,10
82320,10
1842,8
61663,5
85341,9
62148,6
90591,11
70413,9
43951,3
44916,5
61278,10
90060,5
10146,11
65672,6
98256,5
68906,8
29967,3
101008,11
57555,8
83643,9
3466,8
16849,6
56919,8
43575,7
96156,8
76679,7
37578,9
48544,9
64490,5
6046,8
79758,10
84997,11
89034,5
93427,8
50185,9
30108,3
75249,8
81357,5
24942,8
23721,9
36635,5
32621,11
77459,8
50297,8
62594,9
38297,10
4900,7
30266,7
65545,8
56082,8
13659,8
60118,8
9023,9
39377,9
17223,5
68583,3
22754,5
89949,8
87401,8
96467,7
23936,8
81309,9
31310,8
43378,9
39447,7
80500,3
68216,8
93197,8
78524,9
88525,9
98663,8
93879,9
8577,3
4821,9
102944,10
2745,8
62953,7
4708,10
95737,5
94705,9
69301,7
72555,5
34688,5
59615,9
34676,11
99995,10
23464,8
80016,7
96917,7
90358,7
47401,9
83748,9
80623,10
98142,9
77502,9
57270,8
78353,9
87297,9
65112,7
31495,5
98681,8
68013,10
99490,10
10152,5
91522,6
19390,11
48331,6
13260,8
10753,8
31905,9
103022,11
25220,9
85019,8
22671,7
61836,8
39056,9
76079,11
103446,3
26603,9
98682,9
90277,3
36106,11
25404,8
39577,8
26443,9
12857,7
85528,9
87592,8
37954,8
100806,9
49067,4
73963,9
78608,10
93908,11
77195,8
45214,8
7018,8
83982,8
93290,11
34666,5
9821,9
82380,11
11311,9
82397,9
89796,9
48366,8
45364,10
11190,10
56276,8
61330,9
79666,11
99067,8
37618,9
43699,11
47510,8
25169,11
19170,8
74560,9
88611,8
32957,8
15049,9
19576,8
12538,11
80,7
84607,7
20302,11
12642,9
95888,10
39112,10
87522,8
36436,9
86955,8
102192,8
94803,8
99666,10
96163,8
82247,9
88244,11
88872,7
62569,11
3402,10
18649,8
75587,8
99801,8
31145,9
98966,9
82114,5
75453,9
41076,5
45612,9
100687,11
40146,9
31988,8
85825,9
90294,7
58128,7
25803,9
96850,11
96656,10
65804,8
72405,9
65531,8
34261,9
85497,9
88278,10
75187,5
11587,7
35327,5
12868,7
53973,8
51697,9
80020,10
10772,9
69003,9
86946,8
5960,8
61976,10
93532,8
80818,11
19380,8
36108,8
71824,8
2780,11
71474,10
35677,8
60430,8
44090,11
50745,5
9316,8
62305,9
102143,8
70455,10
57550,9
27704,9
59607,9
62660,8
52346,8
90375,5
21858,8
45377,7
19764,10
4663,8
43631,8
25991,8
28059,7
90168,9
49625,8
37061,10
76666,7
17034,9
61176,8
81370,8
69972,8
56211,9
99684,8
32663,8
35331,9
87026,8
48337,6
52589,11
214,8
10183,9
30822,7
96782,7
25090,11
33709,10
96585,8
29719,9
89360,8
99902,9
40548,9
1026,9
66336,11
96842,8
77739,8
83170,9
79684,9
31438,8
83966,9
39347,8
11898,10
82119,5
12395,9
97333,8
4006,10
60500,8
89377,8
32318,8
45063,8
102266,9
42161,8
59487,9
81054,9
72337,6
29604,11
31050,11
99284,10
83018,5
38494,8
64487,9
91108,8
56226,8
82844,8
13162,9
35982,8
60432,11
33789,5
55746,8
83406,7
67573,10
38552,9
44690,10
84628,9
1796,9
21262,5
50050,8
82926,8
5908,5
91321,9
60069,9
57138,10
93433,8
5562,11
34888,9
48078,9
80652,9
100296,7
44530,8
56086,9
20605,9
5334,11
86728,9
44794,9
101093,5
5182,5
98773,8
80125,10
80712,8
62603,9
49479,9
78446,11
85749,9
14316,8
81825,9
94892,8
89213,9
40796,7
17381,3
89549,8
91861,3
89577,8
87374,10
81012,8
102587,8
71645,10
36386,11
99938,8
85676,8
6658,10
46317,9
62477,9
45202,8
46174,7
75293,9
19032,8
52240,8
98235,9
44870,8
91648,8
101673,8
102359,8
21091,3
96419,8
88199,11
18584,5
31393,3
8948,9
46700,8
66123,5
80606,11
42061,8
37136,9
13959,11
88630,8
41019,9
63090,10
95494,8
44449,8
70973,8
57336,11
92444,8
52002,10
55050,8
72948,11
93804,5
70773,11
73088,8
6728,8
63348,9
100634,10
90220,9
10767,7
75241,9
99689,8
50082,10
50538,10
84450,7
60556,9
19509,8
3884,8
8505,10
103234,8
76187,8
47649,9
102297,9
13441,5
35598,5
13942,9
75701,9
76021,10
26510,9
5633,7
38517,8
85789,10
61166,5
95849,10
48523,9
8659,9
36009,5
95217,6
38576,8
49643,8
58649,9
93313,8
9817,9
31142,8
35785,6
89754,8
12628,8
88987,8
19529,8
80482,7
83931,3
66096,8
1781,8
1671,5
97619,8
90014,8
40195,9
12551,8
2122,9
8423,8
68611,11
83987,7
3786,8
18015,5
88497,8
73572,9
78185,8
76089,3
6681,9
54669,8
79652,9
15191,11
99091,9
10236,8
55352,7
87302,5
20266,9
59733,11
94442,5
48597,9
24686,9
49304,2
59263,8
37318,8
93588,9
86702,8
30788,5
40685,7
29015,9
86635,5
71875,9
70344,10
83371,8
103257,9
40001,7
59338,8
77689,9
31532,5
93292,8
57025,9
56411,10
71385,5
80615,11
91260,5
84917,8
6331,8
75257,8
32510,9
44793,6
18687,5
81552,8
88855,10
46093,8
32277,11
92751,8
100671,10
75852,9
82373,3
78483,9
54815,5
85752,9
77486,7
95189,9
95684,11
3930,10
99782,10
54620,9
99890,5
52872,11
3853,7
199,9
18518,11
77863,6
17851,7
88188,8
51545,8
82149,8
81754,10
55420,7
77883,10
54698,8
39967,9
27397,8
62319,9
91951,8
57621,8
802,8
64906,8
48918,8
82659,6
85687,9
55957,5
88394,8
5496,8
8045,5
51831,8
77480,8
36023,8
22865,11
90322,9
90704,9
11095,8
92534,8
90285,8
84576,9
18181,8
53202,10
50159,3
89901,8
86740,8
55959,9
79932,9
58440,9
67785,8
56416,7
7354,8
13389,9
1595,8
95820,11
87304,9
12316,8
97906,11
80023,8
46701,8
96686,8
70832,11
87574,8
53717,9
17310,5
94815,11
21888,9
75039,8
1729,8
19242,8
79631,5
101983,5
14971,9
10248,8
5850,5
18688,9
6442,9
36312,9
91560,9
6805,9
98973,8
88985,8
82053,8
48641,11
62815,8
19554,5
91453,11
30299,8
86794,5
28874,5
45530,9
87386,9
82120,9
55381,8
84165,9
1954,8
98922,11
30234,9
88033,11
87751,8
30292,9
8488,8
82701,9
58390,5
29184,10
87858,8
11854,8
68569,9
13317,9
92494,9
7762,9
68468,8
20714,11
91514,8
47408,8
34632,7
530,8
91225,11
18863,9
26500,9
7096,8
67856,11
50756,8
97479,6
90381,8
85393,6
81850,8
20022,8
38115,8
55494,3
21753,5
90565,5
27389,11
11852,6
84449,10
29921,8
103078,9
85075,9
18061,10
98433,8
31511,9
102239,11
81005,9
13002,9
86096,7
79567,7
69247,9
27222,7
39955,9
32000,8
90994,9
50848,6
55806,8
89404,9
30190,3
19117,9
43052,8
66426,5
33885,9
48460,9
23073,8
97837,8
25563,8
4620,8
3525,10
66055,11
64158,8
720,9
90047,8
82470,9
16026,7
97874,8
88220,9
48488,11
98222,5
95796,10
82564,8
45254,3
57847,8
50590,10
67578,9
49178,9
12648,9
59833,8
66050,9
99930,8
45016,9
75441,9
61441,5
58450,9
85839,9
4279,8
68135,11
25490,8
83670,8
48011,9
70541,8
1692,8
88150,9
6165,9
61748,9
11093,5
90293,9
89045,9
72447,9
89154,9
100767,11
78274,8
32935,9
83575,3
30877,8
36136,8
69526,9
93649,9
51129,8
17358,10
52850,9
82357,8
66863,8
129,7
30103,7
67358,8
34146,11
44011,9
88695,9
26547,9
50436,9
719,9
90254,7
97385,10
88393,8
97577,7
32216,7
24760,9
45815,8
61189,9
3390,8
69949,9
87299,8
50328,8
99219,11
5684,8
58452,9
10453,9
78715,9
52562,11
8702,7
33852,8
21020,9
38131,4
87027,3
92319,8
101993,10
34815,9
29288,8
66703,8
45883,9
78791,8
25021,5
102062,8
83171,8
78168,9
63848,8
42356,7
25161,9
82993,9
23166,5
501,9
17745,10
93493,8
51345,9
21842,9
20628,11
102304,5
33105,8
82489,9
93818,8
97886,8
14196,8
78573,8
23444,3
56906,9
49291,10
11612,8
26374,8
21176,8
3539,5
76710,10
84477,5
93693,8
48515,10
42633,9
54380,11
74805,7
62664,9
41590,8
89083,8
87002,8
99029,8
20025,11
83872,9
55370,8
41766,8
98451,8
11519,8
86537,9
52144,9
11830,5
75804,8
100001,8
92255,8
50937,8
20041,7
90641,7
28266,8
33325,9
13279,8
65098,10
51243,7
42007,8
49521,11
19460,8
79010,7
50224,9
32251,9
62621,6
47711,8
95066,7
76483,11
30624,8
91205,11
5905,8
91015,5
98357,8
59848,9
20559,8
41848,5
17536,8
48828,7
30005,9
98197,7
76697,10
44603,5
8421,9
50165,3
44534,8
45633,9
48804,11
88597,8
97587,7
48582,9
69666,9
93478,8
89043,10
37052,7
92786,5
8472,8
60553,9
27977,10
57217,10
41995,8
8510,8
22143,9
26881,9
31709,9
92460,9
75126,8
61939,9
19022,9
5138,8
47111,9
12343,9
83991,9
5395,10
71324,9
24407,8
5403,8
86424,9
14829,11
34942,8
36030,9
846,5
66093,5
83806,7
93388,7
90921,3
25850,9
75450,8
606,9
80831,5
93032,5
35448,9
63924,7
64224,3
27854,5
27339,8
55415,11
102591,9
67074,8
93448,8
92818,9
90770,8
24859,11
53982,9
80766,3
29429,8
95340,9
91920,9
97941,8
44504,8
30979,7
51520,8
88238,8
63959,9
83890,11
18442,9
21516,8
87174,8
61288,8
63847,7
85627,8
99443,8
60651,9
92931,5
52509,8
84070,8
78191,8
27642,11
71669,9
44436,8
5728,8
47722,9
60407,9
17204,8
22729,9
87869,9
100677,9
64661,8
18269,5
47720,10
26950,9
73832,7
69122,8
77786,9
14312,7
83505,8
22017,8
71692,9
38908,9
54147,5
69229,5
85761,11
88425,8
82743,9
94626,9
56153,5
95259,8
22981,9
2369,11
77413,11
96911,7
20675,8
84847,8
75553,9
28864,11
88779,9
56095,10
97766,9
86896,5
93593,8
21892,8
51743,8
95207,10
80700,7
100014,6
10224,8
40407,8
4286,10
2663,9
91822,10
1344,6
61072,8
41770,8
64566,9
30998,9
64274,9
50980,9
12549,8
86303,8
95857,10
91598,8
44491,9
30217,5
81488,10
79703,9
46820,7
74675,8
50022,9
94198,8
79651,8
29925,11
54581,9
95039,8
12129,8
50610,8
81453,3
89473,9
53037,8
15966,9
84106,10
74167,10
55355,10
72945,9
92874,9
96755,10
18677,8
70239,8
80869,9
82765,10
27440,6
5639,9
34681,8
39061,11
73412,9
28563,5
17778,8
93522,8
46766,8
1646,8
91414,7
96762,9
17963,8
69729,9
95337,9
50389,7
51000,10
87349,5
82625,9
84113,8
97780,9
12915,8
3951,9
11494,8
22284,10
90238,10
21934,9
65513,8
79681,8
13410,8
61793,8
87348,5
57300,11
98265,5
44303,9
732,9
32002,9
31023,5
4234,6
30456,5
35051,10
94827,5
71341,10
28709,8
37699,9
80826,7
58252,5
24132,8
15605,6
79298,7
29582,7
29878,5
69231,10
4965,5
18755,9
25093,9
64352,8
40599,5
62900,8
47006,6
25145,9
96086,8
90386,6
83187,9
68069,9
26174,9
22333,8
76366,9
96739,9
91732,8
58063,8
27436,8
93155,8
94474,9
61254,9
96296,9
91795,8
84382,5
73319,8
24929,10
10978,6
31032,9
95379,8
19856,8
25712,5
86831,9
98004,8
98687,8
102326,5
6057,8
93743,9
99667,5
28574,8
70273,8
25207,9
89687,9
80362,5
27104,8
3574,7
60214,9
19922,4
40196,10
83202,11
84368,11
86711,5
71483,11
51705,11
11462,11
98274,11
83377,9
95896,10
88548,9
26025,5
85912,8
45622,10
33291,8
39897,8
39819,11
32624,9
25972,5
10494,11
58608,9
68073,7
70859,8
87748,5
11865,8
82375,8
90446,9
54156,8
56966,5
14531,8
30031,5
16913,8
61651,9
9344,9
36493,10
83690,9
7069,11
39904,5
88850,8
61554,11
23896,9
92374,8
12236,8
9170,8
66643,8
47184,8
56656,9
74694,10
38721,9
87131,5
46077,8
371,9
47570,8
80054,5
10813,9
62228,8
34306,8
19181,8
90501,9
85239,11
95709,8
81761,8
51342,10
85429,8
99522,8
62535,9
946,5
67790,9
10827,9
22306,5
36419,8
58103,8
59609,9
56451,5
26308,9
82984,10
97830,5
94509,9
72740,7
78362,8
92203,8
74396,9
13349,8
3212,9
89612,9
31685,9
68967,8
72426,5
79595,9
58186,7
90497,9
69805,9
25817,9
67064,11
41937,8
98118,7
9370,8
56775,9
92900,9
84937,10
57871,9
101019,8
34486,10
86517,8
2125,9
50144,9
22374,8
61550,9
88347,10
35189,5
93774,9
30089,5
91718,5
55190,10
40452,7
81582,10
78373,8
46746,9
80481,11
23132,8
86989,8
17628,8
40184,9
70575,9
56174,8
26514,5
77836,8
95369,8
63321,7
96978,8
89776,11
74507,9
19002,9
94659,9
71807,5
50885,8
90981,8
48143,9
30181,9
64151,7
22762,8
46185,11
99117,9
2060,8
31313,7
97057,11
13619,8
59012,9
74974,8
44834,9
8996,9
26710,9
82762,8
92005,8
85326,6
70898,8
26734,9
3726,10
40861,8
31084,9
77336,9
12524,11
69429,8
63286,9
49828,9
86919,9
79747,11
9508,9
101037,8
49182,8
47478,9
73692,7
90986,8
92031,6
79817,9
40615,8
83430,9
88109,5
3287,9
100050,10
79328,9
100150,8
65473,9
30937,7
70955,8
85193,9
97960,9
38446,8
75386,8
74415,8
38183,8
87288,8
44825,8
84258,8
39297,9
79207,5
97588,5
72974,5
69110,9
59817,11
93497,8
31392,11
7669,11
98248,8
63507,8
38907,11
76714,9
28039,8
45816,10
88401,5
38833,8
13083,8
89893,10
51546,9
53651,9
25098,7
78411,10
100023,11
43696,9
93683,8
92089,9
55936,9
100760,10
4353,8
10965,4
69461,8
59325,5
71358,9
59501,11
92352,8
91433,10
89567,10
36583,8
71468,8
65719,7
87906,8
38591,5
83838,11
28527,8
54522,9
26724,9
32599,8
99325,6
85403,9
6474,8
18000,9
7399,9
16521,8
91751,8
39290,5
50569,9
83716,9
85667,3
66912,6
92803,9
7536,11
3827,7
29930,11
67543,8
34640,7
38887,9
76627,9
93071,9
38550,8
90127,10
89065,9
43063,2
72018,8
70896,8
96452,8
1534,9
19010,8
88715,6
99913,9
52869,9
46028,8
74429,9
56477,9
18988,8
42094,9
68546,9
68856,7
85875,5
32783,7
73855,9
64308,11
93568,11
92384,8
96547,9
91765,10
67337,9
91856,8
43488,8
16323,8
44772,9
11704,5
83594,8
31673,9
76258,9
41412,6
69673,8
86129,8
34474,9
91077,8
87040,10
29310,5
43184,9
88641,9
15053,8
14442,8
50924,11
48118,8
19781,8
96128,11
67864,5
89579,5
52155,8
90133,8
26985,10
27576,9
12824,10
90313,9
35355,11
17249,10
81025,8
18799,8
64953,8
88667,8
21691,11
85291,9
17964,11
70549,9
17115,9
7298,9
76151,9
38407,11
73523,9
32603,8
23102,9
18893,6
36211,9
39282,7
73849,9
66510,9
96764,8
13886,8
60595,11
92389,8
62405,4
40131,8
36267,10
72970,8
407,6
37708,8
91241,8
867,9
82594,8
29174,10
85766,8
14294,10
7441,11
95602,10
39829,8
48843,8
83049,5
15871,11
10667,8
39666,8
13321,8
51146,8
38830,11
87984,5
19104,11
36832,7
9541,9
72961,5
4583,9
79162,9
85673,8
89004,8
33678,9
100081,8
43918,9
74729,8
48911,8
10120,5
99417,9
13946,7
44804,7
94223,11
66757,8
25919,5
95250,9
96651,8
58814,10
64789,9
80399,9
93544,9
75531,8
68828,8
88656,8
39122,8
94745,9
19664,11
41214,10
37622,5
54143,9
46552,11
41888,9
37300,8
91129,5
82054,9
40694,9
70761,8
96399,9
13367,9
43372,7
98506,6
69187,8
21385,8
81067,9
17398,8
30625,9
71918,5
84500,5
2601,8
56801,9
56615,6
90810,8
77694,5
76632,10
88008,9
13883,8
76572,10
72102,5
4217,5
43994,9
92269,9
100464,3
92157,8
75659,9
31352,8
75444,10
88164,10
16029,10
20180,9
102757,11
29105,9
37714,8
70880,8
95524,10
8662,9
88584,8
20013,8
73626,9
85282,10
82333,10
4192,10
95891,9
98221,8
15993,10
56936,5
9247,8
63026,9
28705,9
82294,9
28952,8
101069,9
49949,5
57920,9
66379,9
57420,9
95042,6
89809,10
38880,8
9785,8
83960,8
22414,11
1329,3
94949,8
102022,8
17672,11
58275,8
97256,9
71323,11
14368,11
33158,9
71768,8
43896,5
3517,10
9570,7
783,8
60972,5
59889,9
88955,7
100893,8
73745,9
13452,5
23674,8
29508,11
24949,7
46609,8
4951,11
65102,8
77611,9
64972,5
50777,9
4584,8
34792,8
72944,8
90438,8
772,10
98905,9
8750,8
51184,8
14908,8
18598,7
34248,9
100836,9
5922,3
77306,8
79672,10
96712,8
103647,5
25737,8
82297,8
32808,8
96431,8
54869,9
95295,11
87528,9
16069,9
48064,10
82572,5
36278,10
17775,8
102853,8
30474,9
5816,10
85643,8
100409,8
55538,9
60116,10
5936,8
43196,8
96811,8
91084,5
44531,8
46091,5
48533,10
84364,8
29420,9
20045,9
4101,10
94031,3
38754,9
85601,9
87182,8
8638,10
14142,8
66647,7
10632,8
7217,8
13478,9
836,9
87196,8
44172,9
7575,7
77093,3
61355,9
7606,5
87786,5
88733,8
1109,11
102434,6
1726,9
31804,9
52965,5
89868,8
92730,9
98432,8
97174,8
18237,5
80890,5
74596,9
100380,9
93655,7
20268,11
8706,5
45229,8
95021,5
58101,8
55644,9
50392,9
1379,9
56824,8
33062,8
52455,8
20341,9
85184,8
95448,5
1071,9
5708,11
1193,9
78481,8
84399,10
55409,10
16686,9
40239,9
95009,8
39931,5
3265,9
56781,9
76306,10
37403,8
66046,8
60188,8
91977,8
56102,6
87840,9
48360,5
66286,8
37119,8
24531,5
91236,9
73072,9
91443,9
34957,9
94449,8
4515,8
54067,5
88491,3
91504,8
75964,5
65607,8
36946,5
21289,7
103544,8
41838,8
66370,10
18076,8
29451,8
11017,9
51436,10
38737,8
87161,3
72903,9
54560,3
13703,10
90177,5
68788,6
71720,9
78900,6
92457,11
32931,8
78251,11
68820,8
34073,11
20581,8
8833,9
26930,8
69036,5
45763,5
94182,11
5128,8
102289,8
102823,8
71690,8
98590,5
82379,8
10253,8
94572,9
66413,11
69406,9
87712,3
45511,9
55578,9
56766,11
74250,8
45901,9
56816,6
87171,11
49095,5
88342,8
22955,9
96995,9
74812,6
21064,8
13004,8
80340,8
54005,7
85560,3
13289,10
92493,8
28511,9
20473,8
35751,9
79633,9
37558,9
9114,8
84928,9
76533,10
62456,10
11641,10
23392,8
61220,9
94072,9
50196,8
92262,9
97346,8
86828,9
67844,5
3263,6
56207,8
93481,9
1680,9
20098,9
92966,9
32506,5
87798,5
69709,8
1311,6
28633,7
57178,7
95835,10
45053,8
38567,8
89957,9
19936,5
65349,11
44507,8
43952,11
14367,8
48425,8
6926,9
62047,5
62892,8
29532,8
28280,5
76289,8
30954,10
14883,5
51328,9
5011,9
3597,8
97916,7
38367,8
92141,10
16858,8
91420,6
78934,9
40270,11
75802,8
45207,5
27673,10
68146,9
27444,9
21,9
5628,8
89029,9
32061,11
95595,10
57609,8
64318,3
10145,10
48741,5
36770,5
1219,5
77624,9
69466,6
49139,6
80836,10
63160,11
4130,11
88466,9
88640,9
73585,10
57842,8
38162,6
77662,6
35441,8
64275,9
102107,11
62283,9
82721,10
8962,8
68294,8
74756,9
74877,8
74022,8
53588,9
84872,8
72531,8
59224,8
86664,10
85550,7
91245,9
2321,11
50315,9
56473,8
84350,6
13204,6
57156,10
56996,5
4358,6
6451,9
9084,11
11798,8
98435,8
41270,9
38017,8
1431,9
35653,8
59456,8
29081,8
92847,8
24050,5
72355,10
45194,9
65639,11
40563,8
99762,9
34222,9
58646,8
8426,9
49145,7
8537,9
9476,7
48895,10
7641,8
2456,10
65591,9
8333,10
65527,8
27809,9
4351,8
77988,9
39551,9
29655,8
90948,8
51038,9
22081,9
84654,6
100676,9
13970,8
44728,9
47850,9
52662,9
93733,9
75256,10
57455,9
95102,9
23509,9
61346,9
23857,8
58988,9
100159,10
63935,8
81045,8
22501,9
51007,8
14391,9
16327,9
76046,8
42035,8
88666,9
95750,11
3680,10
4898,7
73581,8
80540,9
2951,8
86619,5
4482,11
84370,8
86250,8
62157,11
33632,9
2058,9
90385,9
875,8
90018,10
42222,10
74354,8
7406,8
86049,9
100471,8
77331,9
1825,8
89073,9
61352,8
54038,8
96587,8
62202,5
88681,8
79274,9
99915,8
67873,11
2753,10
5665,9
42881,4
83965,9
85129,9
95885,10
34956,8
34962,8
25584,8
91484,8
59983,8
92035,9
101909,9
79512,8
96039,9
25904,11
65499,8
64727,9
56654,11
18552,11
47027,9
87045,8
42210,8
83782,5
78275,8
2674,9
85460,9
4214,9
41164,10
22628,8
88903,5
53609,5
32974,9
30769,8
97701,9
62137,9
32679,7
102058,8
32423,8
18186,9
57515,9
76647,8
89556,5
3554,8
79822,10
91121,8
19188,5
18613,9
27160,9
16775,11
95361,9
61734,7
49043,9
79953,8
87631,8
52529,5
89580,10
91737,8
81908,8
81736,9
23635,8
10425,8
30491,8
41560,8
33793,8
55575,9
28920,11
62878,9
33213,8
9273,8
3997,9
48855,11
52332,9
32259,11
103239,10
62725,9
30863,7
34014,9
43617,5
68004,5
31655,8
5508,5
15782,8
99675,9
80742,8
80470,2
90096,8
97313,9
13464,9
58174,8
68895,9
60606,9
94773,9
95631,9
78288,9
85926,9
18366,10
60286,9
81031,4
1050,11
63453,5
95104,8
30192,9
33193,8
26107,8
97014,10
2457,10
66205,8
5179,10
11349,10
37712,8
100329,8
88020,3
3043,9
18906,8
49884,8
40596,9
74187,9
59674,8
869,8
85050,11
77553,10
48363,10
11069,5
20550,11
78459,9
86047,8
98296,8
27175,7
102426,9
26242,5
56215,3
20717,8
14275,7
57174,9
103207,10
72887,11
15963,8
25570,9
21500,5
89124,6
41125,8
24117,9
52734,8
101932,5
53043,9
90538,10
84922,8
74571,8
71889,8
15411,8
74928,8
59893,9
67729,5
78705,9
55402,9
29827,8
62697,11
94347,9
82301,9
39052,8
67343,8
95599,7
85561,7
98247,8
80191,9
34089,8
53415,10
4428,9
60036,9
67876,10
32973,6
6210,5
26144,9
24238,9
14789,9
44218,8
85440,5
85895,8
22206,10
4368,3
73634,9
5554,9
3626,10
99737,8
83185,10
69970,8
79941,7
23007,8
6974,9
28269,8
99878,10
76619,9
102810,8
84451,8
54111,9
69034,10
82022,8
2098,9
18333,8
91395,9
86712,8
93604,8
2232,9
8953,8
102941,11
47387,8
19232,8
89531,8
78997,9
4296,10
49232,9
11358,7
91806,9
64588,8
33016,9
65522,8
33887,8
102908,9
24145,8
84841,3
89276,8
31045,9
93697,8
85646,8
71198,8
85931,9
26828,8
93717,9
52339,9
62236,7
84835,8
4525,8
19838,9
49964,8
62413,8
31160,9
477,8
58208,5
63640,8
39072,9
27708,9
15189,8
57521,9
27751,8
4194,6
96688,7
43787,11
23279,8
10237,9
42028,8
60718,9
50637,10
75228,9
87444,5
44568,5
72237,9
19746,11
60747,5
82520,8
9232,11
91112,10
44296,9
102684,9
99103,11
95023,8
103145,7
60377,9
57569,9
57602,9
28584,11
90282,5
34795,5
1284,8
78753,8
97265,9
16739,11
66377,8
62072,9
49235,5
81206,8
79646,11
92163,5
78599,8
2910,8
88642,9
6501,8
76309,5
72815,8
74389,7
705,8
29270,9
12415,7
64313,11
70734,8
76592,8
59753,10
34078,11
35807,8
60807,9
95982,10
8139,9
36130,11
10885,10
16754,6
14049,10
999,11
43494,8
74828,9
94278,9
58490,8
25836,8
98990,10
64983,9
32114,8
96123,11
54435,10
95604,10
87109,8
89098,9
102619,9
49031,7
36339,9
73407,9
102440,9
89466,9
79802,8
87602,3
95579,5
79782,8
39330,8
25555,8
87859,9
7709,9
41930,8
953,9
86981,8
100743,9
6610,9
68600,8
50530,5
92338,10
83255,11
62415,8
10679,9
96161,8
97423,8
97585,8
49603,10
33411,8
31890,9
64464,9
78931,11
13768,10
91396,8
44899,7
60391,8
57722,8
87622,7
20306,8
23052,10
81980,9
37563,9
72105,8
68335,5
9400,8
86975,8
83349,8
29060,11
21315,8
63488,7
29002,8
8310,7
93738,8
30151,8
1145,10
62288,9
54748,11
16149,8
94344,8
67933,9
66114,7
87583,9
38158,9
99097,8
7101,8
50068,8
103396,9
35995,9
47948,10
2946,9
10716,11
15615,5
52085,10
63976,10
91402,8
20513,11
43512,8
7228,8
41034,8
96454,6
47776,9
12002,3
79,10
91264,8
16451,5
58173,9
75779,9
29699,10
102128,7
62736,5
30259,9
50857,9
48742,8
26149,11
36582,9
95856,9
35792,5
42059,9
13487,9
22904,8
60687,8
67828,11
67880,10
84564,5
1291,8
91374,8
47906,7
2643,9
76310,8
70501,9
11585,8
83790,9
17372,7
71943,10
71428,5
50249,9
20110,5
90142,7
41180,8
76377,8
98147,7
23436,8
54850,8
80407,8
86564,9
31982,11
17587,8
99645,9
46622,8
33945,5
61326,9
41979,7
39499,8
45369,10
86773,8
13373,7
38230,8
20647,11
74581,8
52718,5
96006,8
92824,8
42464,10
78781,9
18710,9
87654,8
73074,9
96818,9
83550,7
87082,5
70018,11
46393,9
38365,8
16096,9
103595,8
17929,8
79311,8
47597,9
86259,7
52379,8
12044,8
28082,7
92657,9
71540,9
88502,8
84067,3
34967,8
76991,9
85267,3
20379,8
87117,9
37562,9
40592,8
3094,11
4161,10
15070,9
82686,7
6506,8
21561,6
57529,9
60101,9
93605,9
90442,9
74660,11
83841,7
36428,9
51204,11
54597,9
22,10
81271,9
81495,10
12253,9
56516,5
67295,5
72353,8
81454,5
42332,8
18326,9
35418,7
44948,8
25705,9
86420,9
21669,8
56664,8
86400,7
19963,9
96126,8
86796,8
82645,9
97295,8
87765,9
94668,8
19727,5
86118,8
32018,10
83792,11
57787,8
100986,8
94233,9
4687,8
68430,9
84146,8
26816,9
81698,8
9363,9
15837,8
25699,8
78140,8
89977,7
62670,9
79221,8
656,11
4331,10
36615,7
22903,8
16020,5
91579,8
14684,11
42098,9
56899,9
7770,9
99180,8
80089,8
85018,9
97984,10
87440,11
57850,8
83231,9
55109,8
72115,11
101420,5
91940,8
7499,9
40572,6
98886,3
11575,9
93919,8
46350,9
14705,8
37279,3
62209,9
46197,8
44751,9
95984,10
92135,10
39837,8
34904,8
17734,10
86694,5
83512,9
86776,9
91165,9
61100,9
91227,9
6108,8
88564,8
68638,5
81193,11
21850,9
17435,5
67428,3
67438,8
102776,8
99510,8
101144,5
47273,9
90768,9
13361,8
103056,9
41377,9
97456,10
48175,9
60519,8
85507,9
94447,10
18995,8
48061,8
95630,9
69219,9
97202,10
86658,7
87376,11
4227,9
88029,8
15866,8
84348,10
14083,10
71635,5
98255,9
17348,8
54549,8
72378,10
69220,9
57701,5
89236,8
40166,9
67510,9
35560,9
48390,6
72966,9
76334,11
30265,8
57498,11
42820,8
56725,7
55337,8
79722,11
45133,9
88108,5
92367,8
71827,8
98141,8
85363,9
31676,10
16074,8
84727,6
57924,9
58763,11
100828,8
101185,8
21074,8
78540,5
28485,9
35032,9
31697,8
33319,8
79470,10
51944,8
12016,11
7724,8
86663,9
46749,6
59718,7
60203,9
91686,6
74216,8
79809,5
87462,8
90205,9
15423,11
89076,5
97266,9
64754,9
1861,9
32977,9
88294,3
11985,5
98321,9
73219,9
75300,8
9820,11
58088,9
44919,8
30834,8
16891,8
40624,8
94307,8
81371,8
70852,8
81576,8
78544,5
23941,9
36114,8
44269,8
74119,8
81899,8
75765,8
8740,8
93983,11
94902,8
69921,8
18510,9
34630,8
46150,8
29731,8
91335,9
62640,9
27525,8
75855,9
85414,8
36761,9
68727,10
52119,10
75410,9
2685,7
60706,5
84041,5
27351,10
41493,7
103473,9
87973,8
84714,9
94516,8
89879,8
10299,8
85554,5
31206,7
8327,11
19050,10
88261,9
75815,7
37064,10
41072,9
48979,8
16543,9
42891,11
62703,9
54994,9
68851,8
20593,8
99735,5
15258,9
89649,9
445,8
84992,10
42123,9
52325,9
82003,11
66788,8
59763,10
66364,8
83556,8
2109,8
96714,11
84004,11
90486,5
4730,9
30285,9
100259,8
69637,6
27,11
95995,8
50832,10
11656,9
35197,9
29193,8
37387,9
11510,10
17901,9
6778,5
100230,8
50727,8
64193,9
92376,8
59853,9
40157,7
44215,9
89762,7
100540,8
63653,8
26800,8
10093,5
71674,8
91658,8
45593,9
77732,8
102866,8
51335,8
10502,8
2357,9
96046,10
20533,9
76327,10
88449,9
64945,8
50732,9
21957,10
18621,5
94600,9
31768,7
54241,8
49847,9
13698,9
980,8
19162,7
69016,8
102361,3
15246,5
99885,9
54456,8
81959,8
73766,6
99082,9
97586,8
90681,8
40368,9
69035,9
85748,8
18589,8
98172,9
80047,11
23688,8
83897,5
77392,8
73095,10
62238,9
99879,10
68185,8
9944,8
77917,9
69266,8
62396,5
35113,9
86633,8
17510,9
100562,9
57485,8
80376,9
83499,9
49208,8
73791,8
76322,8
78115,10
59992,11
86454,8
4013,9
62704,8
686,8
59698,9
98184,3
95865,11
71036,3
2284,9
55001,8
8967,9
54433,5
100597,5
52053,8
16591,9
51122,9
17867,3
91613,5
66654,11
36504,5
50487,7
80929,10
91494,9
25066,8
47694,8
62571,8
14945,8
81551,9
41155,8
2484,8
85284,9
96082,9
72330,5
36835,8
27128,8
34004,11
7735,8
79682,10
85457,9
100036,9
87649,8
51347,5
57187,9
73557,8
37732,10
63920,8
72786,7
89106,3
65864,8
62974,9
62818,9
49594,8
82514,10
21591,8
80475,9
30884,5
90230,11
89120,8
13632,8
91745,8
59510,8
63287,9
90496,11
70714,8
86614,8
55105,5
88558,9
13097,9
99001,8
8660,9
3055,8
282,9
63359,9
38280,9
11760,8
85858,8
87591,9
88210,10
100087,8
43472,8
24143,9
97186,8
73306,9
30282,9
35839,8
37097,8
72453,11
100212,8
3527,10
50666,10
8684,8
76725,8
61053,9
3584,5
52941,3
101964,10
98100,8
69926,9
55272,8
15806,8
66221,9
24271,9
70044,8
43860,9
69820,8
85480,8
46893,8
90319,7
93262,8
57182,8
56496,5
101073,8
95163,8
89740,6
73403,3
86148,10
65936,8
5759,8
56277,9
47903,8
70014,9
65151,6
97380,8
33634,5
36241,8
91853,8
36657,5
88400,9
4575,8
44219,9
55012,8
56555,5
26835,8
77682,9
84061,8
85182,8
65222,8
30620,8
45894,8
56188,9
28455,9
10353,8
71989,6
68932,11
30163,11
83491,8
36063,11
12411,8
72030,9
85592,8
91370,11
46785,4
19704,8
65417,5
47191,8
81877,5
66075,8
46682,11
66552,11
90522,8
37590,5
83595,8
72631,11
84412,11
17934,8
55836,9
93029,9
15110,9
46696,5
56604,8
94911,8
14759,8
21507,9
19854,6
61496,9
100992,9
52072,8
76978,4
31817,11
83124,10
11892,6
85456,9
100414,8
651,8
4734,7
76731,6
46866,8
88125,9
84332,8
4989,8
49578,10
7196,5
95114,8
4209,10
99200,9
50632,10
78377,9
56763,11
94947,3
89596,11
98902,9
26497,8
76010,11
69375,10
59938,8
6761,7
33204,9
77343,8
79084,8
84683,6
48183,11
87719,3
49916,9
79577,7
65274,9
100162,7
86922,8
99166,7
76129,9
92710,8
29486,8
89147,8
92807,9
102514,11
15180,9
3479,9
59180,8
9673,8
48449,8
50940,9
90193,5
24375,9
1334,8
78452,5
67080,7
13417,8
17717,6
34323,8
31830,7
86178,8
7488,9
41216,8
71246,10
12800,10
54614,8
92624,8
96456,8
56300,9
21015,5
60990,5
89869,5
12828,8
56896,8
24540,11
32519,10
53875,8
53786,9
52056,5
19837,11
4309,10
88000,8
61083,9
90809,7
41305,8
31387,8
51058,7
57519,9
4017,5
7460,11
74325,8
76742,10
90622,5
43061,8
49090,2
94636,10
96511,10
78739,7
35781,9
71781,10
41202,9
29411,6
39257,11
79478,5
95155,8
51272,9
58030,9
35459,9
62920,9
30329,8
76648,5
88047,8
16000,8
27736,9
99975,5
61977,7
4233,8
73464,8
24440,9
73947,7
30718,8
41757,8
22644,10
97285,8
93767,8
4977,5
27539,3
49722,9
65265,9
74401,3
32378,8
13474,8
9013,9
30578,8
66774,5
32554,8
56637,8
7151,8
50426,9
3604,8
12437,9
39125,7
102406,7
44017,11
90130,9
14585,11
17665,9
90283,11
61458,11
27877,8
93068,8
85901,10
52059,8
30689,11
86172,8
89885,8
84184,9
89361,8
89840,8
81422,3
59647,10
99076,9
41633,8
47489,8
42388,7
61082,9
31028,6
77852,8
549,5
32396,8
87032,5
79503,9
96738,5
101055,5
20207,11
68765,6
69893,9
74605,9
29340,10
74060,3
88959,10
46469,8
85700,9
71127,8
36879,8
7108,8
13869,8
44452,9
48531,10
85726,8
21750,11
61332,9
14015,8
9592,10
93621,11
1119,9
99470,8
16413,4
37218,8
271,8
85661,9
81619,8
65256,8
5612,8
100320,8
84345,6
69771,7
98468,8
70017,5
260,8
33607,8
14748,10
90752,8
12081,8
72913,8
100101,6
67833,9
67192,8
87988,8
604,9
52134,10
42554,8
5613,10
95869,11
38582,9
52015,10
13621,8
98316,9
85711,5
93858,8
39920,8
88521,9
25294,5
32275,9
89062,8
46410,9
70923,9
84330,11
1466,10
19984,8
61212,11
16477,8
49502,3
4904,5
103571,8
72918,9
96519,9
66431,9
63666,8
47443,8
19322,11
94500,8
34470,5
16824,8
93583,10
32469,7
58402,9
81369,9
97341,9
98250,5
6326,7
98140,9
28737,8
5257,9
63771,3
90298,7
74000,11
1816,8
62045,8
66349,8
27885,8
52819,9
63821,11
57364,10
54447,8
84143,7
20220,9
20357,7
26947,8
1487,8
68099,10
91969,9
24399,7
59711,8
44156,5
83313,8
75209,8
98757,9
18521,10
70368,7
15379,10
15729,7
4057,8
42410,5
6623,3
21666,9
74946,9
29974,8
37003,11
74774,10
87254,9
93057,5
21004,8
93505,11
22566,8
13495,9
39193,10
33573,8
35566,9
84036,8
1224,9
95566,10
49595,8
71327,9
91963,8
5527,3
12827,9
38719,9
88674,9
95688,10
86168,10
30309,5
85088,7
92231,8
49257,9
73513,9
84711,9
29717,7
89381,8
27474,8
31559,10
51511,8
40391,9
92492,8
45118,8
46006,9
97668,8
38742,11
85683,8
40507,9
91045,7
60348,9
94733,8
44462,9
93529,8
8454,5
36349,7
41435,2
65661,8
63939,11
71976,11
48216,9
50429,9
57896,8
65679,9
3911,10
34827,10
48554,8
54881,9
88065,9
31927,9
99613,8
15711,8
20427,9
58265,8
40864,9
68632,8
5702,9
62432,8
13,11
51566,10
84935,9
42062,9
38027,5
90862,8
63179,5
88104,8
44555,9
1875,5
11748,10
99341,8
76403,8
63220,7
67014,7
34755,8
37644,5
17993,8
37193,9
37311,8
10662,8
22438,10
38461,7
6055,7
90362,7
79180,11
64299,9
42998,7
24976,11
69173,5
92544,8
76095,10
74991,9
21197,8
31509,5
47779,8
82959,5
74779,8
100186,9
74795,5
100450,8
47834,10
63067,5
46009,5
71005,8
6998,9
55954,9
24310,6
265,9
58965,5
71497,5
65573,11
91675,11
102061,8
60989,9
77275,5
84125,11
56892,9
69647,3
94704,6
90934,8
98447,9
53280,9
20819,5
29083,8
92840,9
75839,8
93889,9
68426,10
9588,8
31365,8
43017,8
50253,5
7986,10
95450,8
58978,9
78696,8
81622,5
84102,9
48446,9
99731,9
46411,9
86737,9
27164,9
38531,9
55134,8
66346,8
62901,10
58192,9
31991,10
54336,8
100399,9
64943,8
18816,8
83119,8
66057,8
72390,9
90637,5
67863,9
59651,8
17218,8
4065,9
15472,11
49451,8
94132,9
70831,11
12088,10
78502,9
89042,8
66956,10
94157,9
51892,8
57867,9
22720,5
79151,9
89408,8
27062,9
89105,8
66278,9
93941,5
43323,8
84870,5
56390,9
12214,9
27223,10
84397,9
53921,6
66650,5
24888,6
76936,9
26535,9
100678,11
32844,10
44885,9
15506,8
97121,11
48617,8
27823,9
80208,9
26762,9
94534,8
67463,8
27579,8
9188,10
52287,11
97106,9
36387,8
80913,8
26565,7
45339,7
85032,9
88463,3
60327,11
30440,8
31123,9
54441,8
26395,9
28047,10
98775,9
99063,9
17790,7
24004,8
102226,11
36521,8
28207,8
49650,9
13144,9
40719,8
52584,11
63670,8
78850,6
100161,9
86406,8
43599,9
41609,8
82915,9
33963,9
71039,9
53346,5
3462,8
4644,8
97441,6
78364,11
8944,8
59573,5
38485,9
2723,11
34924,9
51532,5
93086,8
58047,9
70631,9
69683,3
78492,9
67761,9
53484,8
27968,8
3833,10
94141,8
100947,8
52553,11
31202,9
42720,9
9372,8
92380,9
2517,9
13168,9
23125,9
74180,8
32577,5
66672,8
38247,9
10312,8
63617,8
78825,8
99835,9
2212,5
57355,10
97792,9
99806,9
96881,5
18381,7
3211,7
74501,8
11916,9
57384,5
92003,7
31688,8
64694,8
48097,8
101880,8
57325,10
9297,8
24924,9
25556,9
27231,5
71355,5
505,5
18855,7
28466,9
51714,5
97357,8
30176,9
24848,5
96652,9
91037,7
93937,5
79092,10
60367,8
56971,9
89689,8
35906,9
62437,8
78862,8
25358,8
57445,9
44510,9
9338,9
56179,8
94470,9
53249,5
97253,8
32810,8
37669,11
16985,10
56145,10
83149,10
22158,8
62821,6
72263,8
99662,8
54163,9
94764,6
41771,9
36480,9
46839,11
100662,8
60574,9
79849,6
70619,8
95047,9
95026,9
63628,5
12206,8
52678,9
102838,9
102301,10
84511,6
69688,8
33546,8
55434,9
21080,8
82272,9
87637,6
99997,11
78015,9
36420,9
49740,9
43560,8
34398,8
103405,9
73127,8
68837,9
99038,5
58870,9
87566,11
43370,7
96033,10
94101,8
73090,9
25064,6
73148,9
62593,5
58707,9
53090,8
32201,6
18272,8
83401,7
64290,9
79444,8
11327,8
4294,8
97008,8
81537,10
28377,3
71063,10
69377,8
56822,8
51924,11
85567,9
21099,5
72253,8
95398,8
31781,9
70185,10
88225,7
92073,10
41453,9
55997,10
45654,8
70635,5
40003,9
274,9
47014,9
90216,11
65595,9
87617,9
57036,8
13118,8
13685,8
78381,8
11452,8
29444,8
93018,8
52709,9
95769,8
8995,8
93729,8
62497,9
71078,8
12089,7
85681,9
82841,8
89273,5
90140,7
76102,8
100305,7
35591,8
91570,8
89035,8
53011,3
17480,9
50043,9
94083,8
77629,8
32843,9
36363,3
34111,10
3986,9
22314,8
81530,8
96507,6
54081,8
44005,8
74896,4
57061,7
54884,8
27770,8
88176,8
50989,9
21203,8
53381,9
48367,10
95316,8
20918,7
35921,6
1472,8
97569,9
78635,11
21172,3
8846,9
98379,8
57545,8
63258,5
74137,9
17065,9
96179,8
27857,9
100144,6
1306,9
27821,9
51760,8
11086,9
74168,8
100140,9
58307,5
92186,9
71325,9
51900,9
96491,9
25950,9
28747,8
98502,9
20791,9
42165,5
6222,9
50381,11
89343,5
85162,8
100396,8
60026,9
89059,9
91316,8
85595,8
12612,8
64837,9
27367,8
71632,11
12694,8
18512,11
73302,8
34675,8
77564,9
47108,8
26420,9
1644,9
44236,8
45303,9
101195,8
76970,11
93252,9
98579,8
26205,5
91373,10
1158,5
91280,8
89327,8
19408,9
79755,11
59246,9
90139,3
42640,8
4886,8
46486,8
7883,9
23283,6
77896,9
56344,9
47045,6
76761,8
98328,8
24891,9
6200,8
45086,8
85519,8
77487,9
88730,8
21305,7
96879,8
18430,9
102470,8
25660,8
92417,8
81142,11
70274,8
64436,8
6633,10
50070,9
89330,8
95484,8
52173,10
87729,11
14797,9
76727,9
84111,9
89234,5
17242,8
63897,9
25510,8
24335,10
56959,5
62674,10
19761,9
1416,11
61712,11
57295,11
72354,8
101907,5
51645,8
56135,5
16010,9
16211,5
17906,8
5213,6
89080,9
86146,8
86815,9
15556,8
48484,9
32614,5
21739,8
87192,9
71973,10
100062,10
82414,7
9335,8
17785,9
89125,8
43037,8
101002,9
33136,8
26937,8
29855,10
1280,9
87382,8
32399,9
22415,8
57993,10
33303,8
59226,10
68925,9
90173,8
68647,10
16697,8
30472,11
2599,8
55205,8
92030,7
96017,8
22265,8
82259,8
7215,8
81951,8
18559,10
32801,9
35011,3
90004,10
83820,5
39243,9
95092,8
59355,8
76121,9
36192,8
10984,9
85599,5
16703,11
103352,5
92277,7
102442,9
89686,5
82909,11
16749,11
93038,8
67184,5
31934,9
39683,6
59479,9
78943,9
7794,8
93751,8
100097,9
6684,8
50883,7
88657,9
77772,9
3778,9
4078,8
102038,5
63557,8
41353,9
35852,8
28206,8
76877,8
80942,8
99587,8
55788,5
40580,9
74620,4
69351,5
18466,8
70854,9
97054,8
76112,5
42668,8
2526,9
85946,8
25918,9
60569,5
33174,9
10756,8
50212,9
89429,7
82169,8
38294,9
3176,8
40478,5
48974,5
14732,3
82530,9
71493,11
103538,8
89759,10
16508,7
43128,7
32763,9
1801,8
50114,9
94300,8
98770,9
20939,8
87248,7
86687,5
54290,10
99292,9
30283,9
83998,9
86415,10
61310,8
86856,9
23845,8
78857,3
98458,8
75716,9
16441,7
4109,7
92271,11
37535,11
7452,11
98024,8
33191,8
88360,11
84883,9
15647,10
73628,8
76948,10
70155,8
11927,8
79780,11
69260,9
96321,3
3702,8
47959,11
73128,8
98690,3
56232,8
38321,8
90720,9
61313,8
77979,8
46453,11
97257,9
17003,9
9742,7
63279,8
81701,11
13419,9
24052,8
8158,8
65082,9
84914,8
84980,10
14422,8
86659,5
90794,9
67159,8
84308,8
50568,7
49078,8
25591,9
35761,9
32922,5
95123,8
51493,9
10796,9
95232,5
40414,10
81524,8
76438,8
64093,7
80569,8
76973,3
25074,11
6724,8
12144,9
68379,9
38600,8
74550,9
58823,9
35543,8
44565,9
9093,6
96357,10
23362,8
52326,5
13263,8
55794,9
61628,8
88016,9
4801,8
55853,5
88687,9
21725,9
95814,10
68460,9
38462,9
46657,9
66984,5
55580,8
78228,10
439,9
89956,8
29182,8
102082,8
68805,9
96348,9
85066,9
2317,10
12900,11
27313,10
48746,8
45341,6
10373,5
72624,5
57927,5
90132,8
81199,11
770,9
34543,9
37746,5
97195,7
14964,11
99721,9
12629,7
85399,9
37614,3
50773,7
81305,8
18594,9
85330,8
99779,8
54572,8
88007,10
43327,3
27182,8
53278,5
13635,7
95245,11
30304,9
16027,11
6114,8
92424,8
1754,8
42927,5
72440,9
89260,8
86529,9
18897,8
32162,8
98223,8
6158,10
30415,8
18707,5
75165,7
49760,8
81477,9
100784,8
77704,5
27745,5
1834,5
15761,8
30142,9
34895,11
96958,10
53041,8
64246,8
85520,9
76874,8
69366,8
34451,9
74893,9
19,11
96320,5
78611,9
63744,5
41619,9
83588,7
28276,9
42079,10
38192,8
91475,9
30547,8
101182,10
84741,7
102646,8
12324,8
77505,9
63351,11
77243,11
100133,10
31622,9
36006,5
69896,9
103205,9
1807,10
69621,8
43893,8
90286,6
29116,9
81015,5
85914,9
34433,11
58146,9
56052,8
17044,11
75526,8
99437,8
14636,8
36564,8
18954,8
43431,8
100500,11
36616,11
89396,9
33867,11
61504,5
82958,3
90952,11
60952,9
83957,8
87568,9
24966,7
18952,8
29903,9
97029,8
31756,9
8635,8
51467,9
56635,8
30826,9
60199,10
88423,9
93214,7
57937,8
96192,8
75137,9
36857,6
77834,9
38239,8
2702,9
85145,5
90703,8
38759,5
28162,8
34696,10
28042,9
30550,8
94337,5
90335,8
32221,8
44355,8
25401,9
90859,8
35810,8
47194,6
96846,5
61971,7
7702,5
71925,8
46795,11
39717,7
49369,5
99883,8
48787,7
92768,3
99795,9
83739,11
4544,5
54750,9
81276,9
51206,8
64258,9
83708,8
103508,9
101925,11
76160,9
92332,9
2334,10
27601,9
85218,8
76036,5
5180,7
47991,3
60241,9
70917,9
75966,9
58789,8
39634,5
66233,8
38587,9
87992,5
86851,5
98700,8
69491,10
89635,9
100385,5
24588,10
84105,8
90514,11
48035,5
96354,8
57574,5
62650,10
25701,3
87674,10
78016,7
71387,8
78438,7
13348,5
96132,9
37641,3
103278,5
93757,8
101958,11
85200,8
6542,9
53648,9
11335,8
56589,9
33414,11
9630,5
15081,11
41629,5
25318,8
68344,5
7989,9
32060,8
92,9
63132,11
88790,9
58539,11
57782,9
91340,9
32219,8
17492,11
92341,8
86295,9
77687,9
19484,8
57400,9
49661,9
85276,10
56854,5
82931,8
47452,8
5968,9
23281,9
81080,8
73725,9
98131,9
81462,8
77936,11
99834,8
72530,8
92289,8
32719,9
41068,11
40155,10
89970,3
3685,8
90379,10
67958,10
53620,8
55938,10
45877,8
46806,3
89144,8
53780,8
67420,8
26369,9
18117,9
81264,6
10562,8
76064,9
11975,8
11958,9
50382,8
75912,3
24984,8
29805,8
16321,10
57101,7
20261,8
28091,8
97118,11
19409,8
72446,5
87406,9
36938,9
89141,8
76670,11
18891,8
53823,9
11408,9
17303,9
25208,8
27172,7
18860,5
53166,8
90078,9
54200,9
6042,5
19598,6
96725,9
90271,9
22849,9
98240,9
79805,5
15686,5
48867,7
95270,8
4372,8
28369,9
86647,5
58496,9
26079,8
92468,5
85250,4
81127,9
65318,8
86388,5
48207,10
2049,9
68237,9
28757,8
88148,9
93582,5
45437,9
69624,9
7557,9
16852,6
33222,5
83989,7
45440,9
6273,9
69151,8
46386,8
71059,8
68474,9
57481,9
98370,8
102358,8
98568,8
71017,9
21879,6
374,9
62360,10
96649,8
79278,10
83619,11
44362,8
10090,9
9957,9
87042,11
31575,8
51886,8
88157,8
99612,9
15021,10
100709,8
96200,10
72565,8
88893,5
68676,8
42048,8
48306,8
57691,9
11993,8
83484,6
74612,5
45231,8
72346,8
89253,3
29746,9
93890,8
5797,9
90737,8
93956,8
16507,9
59915,9
25748,9
93275,8
90780,9
50919,8
55796,10
89053,11
57082,9
32185,8
83152,3
47337,8
39576,5
98765,5
89385,8
95836,11
89943,7
18474,8
12394,3
47627,7
47509,5
70709,11
103071,9
72356,10
99627,5
19945,5
17694,5
48776,11
8911,8
3418,9
88417,11
23983,7
69299,9
13947,8
82253,11
76774,7
50364,7
23381,8
27602,9
80171,10
4871,8
89250,11
87225,11
87943,9
83053,11
92369,5
67274,8
81301,9
100386,5
56004,9
69787,10
61864,8
7556,9
57844,9
23730,9
94533,8
59433,9
46602,8
74199,11
35679,5
40282,8
81941,8
86567,8
76116,5
54697,8
65198,11
57719,11
20233,7
87853,11
56915,8
26909,5
21752,11
22962,10
90122,9
75826,7
84071,9
98075,9
10401,7
47750,8
52463,9
97104,9
97007,9
46591,8
56217,9
99865,11
38265,9
18452,8
71534,8
102185,8
62448,11
67929,8
102134,8
64978,10
70881,10
99911,11
80174,10
7725,9
62362,8
80616,11
69964,9
61098,8
71207,10
96030,10
9594,8
27960,8
97170,7
78933,8
2749,9
1922,9
58398,9
79987,8
4547,8
89985,7
36759,9
29666,8
95907,9
86576,9
25743,11
41680,9
30354,7
86939,5
77085,11
47801,9
84136,6
13525,8
44573,10
45651,8
22510,5
46052,5
80657,8
78186,8
79723,10
25651,10
88901,8
11837,9
90266,8
80329,9
83949,10
22791,8
30048,8
55260,8
100459,11
29825,6
20610,9
74904,2
98979,11
95617,9
38680,9
26300,9
87136,5
52037,8
5794,8
4352,10
100008,11
80535,3
62618,9
100918,10
53131,11
72350,10
86997,6
10155,10
56642,9
95068,7
22689,9
95214,7
100636,8
60842,9
34616,8
84390,9
91897,10
43822,11
100987,5
51265,9
66230,9
50706,8
37238,9
81967,11
32829,8
21862,11
75151,9
52756,9
48512,5
8753,9
87558,7
87213,3
10233,8
86033,5
45153,8
37901,9
47960,11
56032,9
102964,9
90187,6
99722,8
29253,8
96026,8
50614,8
10791,5
88705,5
91251,9
29567,7
13822,8
18098,11
87770,8
25525,9
73274,9
11283,8
97663,9
35681,7
51279,11
94473,5
85616,9
91548,11
38728,7
691,9
60330,7
28678,11
15595,8
75785,11
36801,8
44234,5
79210,8
88186,6
87909,9
65415,6
92787,8
31378,8
87983,10
81669,8
83496,8
65727,8
56808,10
67731,11
89810,9
89805,7
10045,7
63244,8
87803,8
42068,8
373,4
93922,8
44663,8
23851,8
35286,5
98358,10
6142,9
41056,9
91315,9
82905,8
70120,11
88562,9
93536,9
100371,5
100271,9
30274,9
90923,5
9364,8
29835,7
8367,8
42763,5
34079,8
33053,8
63129,8
2904,5
90818,11
29809,8
72272,9
85105,9
90788,9
86490,7
39147,9
36944,3
1899,8
100712,11
83638,3
29088,5
77394,8
95458,9
81868,9
50779,9
83044,10
60020,9
72232,9
84631,11
61004,8
3500,9
65512,9
88894,8
3208,3
93626,8
1346,4
37767,9
41854,8
42322,10
93920,8
30523,9
76704,7
67421,9
87364,5
86860,6
63572,11
29884,8
64990,5
102457,8
4200,8
66000,8
93710,7
42429,9
23814,8
79200,10
18745,8
37806,8
49576,9
100016,8
77466,11
55275,9
50246,11
86558,8
98317,8
23639,9
57799,8
24257,10
88117,8
30843,9
91170,10
80278,9
65297,3
90655,8
37832,5
51294,6
89355,9
91708,8
78637,11
90405,5
78907,9
66787,9
63586,7
92616,9
3795,8
60167,8
81928,10
62255,10
66091,8
3759,11
47330,8
46489,9
4120,7
60152,9
59215,9
74707,9
42330,5
86902,9
41849,8
86671,11
94282,10
51330,9
34021,8
54183,8
52551,9
32845,9
97494,9
8922,8
95362,11
45226,5
3965,8
27705,7
103126,8
3505,10
50118,6
68504,8
39606,5
67995,10
92308,8
35309,5
24297,9
99055,10
78789,9
67235,9
40620,9
60183,9
51676,9
61584,9
71420,8
90206,11
52788,7
6886,9
468,9
82946,8
61725,5
61015,7
41515,9
4608,8
80837,9
28941,8
4662,9
102258,5
56523,9
2641,8
60915,10
44553,11
69937,8
3954,8
76486,3
29742,9
12507,9
63084,11
87596,5
62057,9
10504,8
33196,8
75573,11
80934,11
56800,8
51657,5
84134,11
89746,10
88481,9
46200,8
82802,9
65562,10
89506,10
100276,11
52780,8
22907,11
30605,7
5315,5
40735,11
57170,9
6217,8
26449,6
84649,11
83947,8
16792,8
37625,9
89585,5
6102,10
4873,9
103283,8
70516,10
99230,8
12848,9
85998,11
36674,9
5717,9
30752,8
26648,5
97937,5
80286,5
97184,5
41192,11
100006,9
85871,9
88351,9
29686,8
102436,5
87914,9
65416,9
182,9
76634,10
70511,8
50542,9
89041,9
35410,3
66386,11
85167,8
8251,9
27376,3
40791,11
72206,9
55574,8
87037,4
83426,9
10755,5
21728,11
91627,11
29891,9
5645,8
96543,9
83925,8
15372,9
34406,5
24877,9
68115,8
2499,8
82936,8
66699,8
77991,7
1537,8
94686,9
14055,5
52266,9
76221,8
20711,9
83123,11
65524,10
10853,8
62893,5
99011,8
12228,10
36598,7
68269,8
89990,10
21423,5
3243,6
96569,3
85631,8
69867,9
83203,8
56932,9
1421,8
18928,9
99507,10
82544,8
76868,7
98139,11
78453,9
62172,9
50303,11
26552,9
92831,8
2627,5
62048,9
3520,10
15292,9
38268,8
41754,11
75197,8
69239,9
74462,10
92550,9
34419,11
29045,8
90863,8
87496,9
40818,9
40037,9
72816,9
42341,9
7438,5
45735,10
78083,9
29076,11
4684,11
15902,11
68988,9
88255,8
62570,10
10745,2
25186,8
91362,6
64792,3
60796,10
39672,9
46247,9
16840,5
57281,10
10124,5
39526,8
9396,8
71230,8
85742,7
89011,8
77026,5
70692,8
70324,8
53860,11
5636,11
71375,5
46641,9
66396,9
81480,9
4225,11
8680,9
70706,9
73469,10
21612,9
70474,11
561,10
12200,8
42074,8
87134,6
30546,9
73411,7
17451,8
87322,3
39952,8
55552,5
76018,7
60340,9
49415,9
50262,8
56104,8
8197,8
85710,5
85151,11
6440,11
50404,10
61063,11
28662,8
17417,5
61221,7
51813,5
26080,9
93875,8
47685,9
85514,8
48033,9
90039,5
73126,9
77860,8
14989,8
35279,9
83635,8
87720,7
68803,9
34552,8
64255,8
43007,10
5540,5
36870,9
71340,8
94573,6
91933,10
85345,5
8876,9
82836,3
14549,5
12747,9
45984,9
92107,5
65786,8
88136,10
49440,10
1846,9
66132,11
94015,8
95043,8
38702,7
98917,9
89808,5
43618,6
68726,8
88900,9
26274,11
50850,8
60674,8
96410,7
60717,8
30065,10
82226,7
41786,6
16037,5
34567,10
65440,8
12966,8
56388,9
51141,8
88436,9
87960,8
84051,8
51442,7
83762,8
75524,8
93635,7
3906,9
88572,7
99095,10
84096,8
72213,9
80247,6
85535,8
9679,5
68798,8
89658,8
89109,11
47919,3
88684,8
8820,11
98885,3
99554,8
21410,9
99933,9
40135,8
60479,7
100703,11
12472,5
59921,9
14040,5
100347,6
17770,9
5333,9
29249,8
76441,9
47739,8
25468,7
66390,8
54554,8
17853,11
61462,9
59601,10
9062,10
40199,8
64927,8
13856,8
10015,8
87318,9
95005,7
27207,8
7403,5
19872,7
103270,8
67717,9
71271,8
69455,8
47011,8
70651,8
2982,5
87236,10
22442,8
100573,5
65267,9
72884,10
82181,8
94956,8
80812,8
100004,10
41292,8
10688,5
64296,8
84097,7
44445,9
45479,9
75610,9
30589,8
84787,11
88374,8
1353,11
97859,9
31019,10
88175,8
60146,9
50527,10
90991,8
72590,8
44045,11
91054,8
91555,6
34448,8
103593,9
90026,8
69430,6
55730,5
34357,8
6556,7
54297,9
50999,10
82311,8
65130,8
38884,8
83942,8
16567,9
84813,11
96094,8
33684,8
71074,8
56747,8
10326,9
51306,8
40355,8
53905,6
53712,8
94265,7
97477,8
11287,9
73399,9
70910,8
88096,9
43646,5
88275,9
98337,8
47862,8
22567,8
20463,11
51768,9
39767,9
62829,6
69257,9
101882,8
74305,7
38683,9
77719,9
75351,8
96705,10
82341,9
75794,8
89262,5
10393,9
13175,7
8939,10
56182,8
82207,9
10787,6
44702,9
19480,9
9314,8
100061,6
31730,8
23049,11
14931,8
9501,5
94972,8
96848,5
68758,7
41842,9
71399,8
39044,8
92251,8
72186,9
84823,11
77161,7
76854,11
90951,9
9624,8
96020,10
62964,9
16281,9
50344,5
59629,8
42794,5
94065,3
46503,8
32284,8
12203,9
64249,6
31662,9
38488,9
52459,7
81998,5
55008,10
102559,8
3643,9
61643,9
62399,9
781,11
28750,5
64614,7
9859,9
47590,9
36301,11
96823,8
1573,8
74039,9
79734,11
77269,6
8093,9
90519,8
83958,7
57885,3
1152,8
45900,11
57304,9
91566,10
73597,5
84964,5
87896,8
30706,5
93695,9
72993,5
88445,8
15726,7
48728,8
100875,8
85334,10
102799,7
46699,8
92316,9
94042,8
70632,8
99497,8
45298,7
58718,9
68305,9
96835,11
9869,5
89157,8
48232,8
89656,8
73352,8
48684,5
56825,7
78334,8
102285,8
54222,8
92473,10
99699,10
84989,9
36937,8
76539,10
97196,7
90272,9
6068,8
62645,9
10026,8
61867,7
103372,8
87012,4
25471,9
97746,8
76227,7
73542,9
2086,10
8467,5
87793,11
5025,5
98962,9
18045,5
86907,8
22527,5
17885,9
83917,5
11780,8
88968,8
88318,9
31427,8
67637,8
60720,9
98133,9
98408,8
25295,9
41312,8
61201,5
97093,8
16972,9
58631,10
93073,8
7721,9
86471,9
36154,8
5500,9
100792,11
61575,9
37315,8
10836,5
47601,5
27679,9
99146,9
98106,10
83321,10
87483,3
73192,9
74108,8
75266,5
102322,10
86624,9
47836,11
24625,7
19342,9
39647,8
75359,11
22949,3
60291,7
99538,8
88836,10
53123,10
11145,8
99343,11
29861,10
78812,7
1994,8
81779,10
84288,5
80906,10
75942,9
36074,5
41007,5
7257,8
6013,9
75653,10
19830,9
28322,9
70726,8
44774,8
11080,5
67178,8
64367,9
27578,10
1138,9
87344,11
97399,8
40829,8
57039,9
82337,11
86133,9
102111,8
7621,5
29991,7
66925,8
60187,9
88738,7
98488,9
20466,8
74083,8
34786,7
61943,9
12975,8
95040,11
13519,9
59429,8
16153,9
70256,11
53375,8
36599,8
15641,8
87516,11
54872,9
60671,8
35469,8
42083,5
68535,9
53474,11
37147,8
88530,9
82903,11
2152,9
71933,8
76848,8
35547,9
95978,10
63202,10
92200,8
44473,8
32670,9
100427,8
17334,8
10215,9
12117,11
79464,9
12208,11
77199,8
75595,8
76540,10
98699,9
78581,11
88247,8
68283,8
9669,9
96808,11
81516,8
81989,10
19323,8
19786,9
30897,8
17659,7
79351,10
97942,7
37127,11
22378,3
51922,8
77412,5
69135,8
18225,3
36046,6
76625,8
727,8
88783,11
56396,9
40501,8
90041,9
32683,9
62509,9
20475,8
4357,9
40802,8
103346,9
38677,7
4467,5
55693,6
87408,5
29705,8
26971,8
56913,9
71512,9
35218,10
36455,9
31108,8
35367,7
84344,8
86399,11
3690,5
59838,9
96157,11
94763,8
82061,10
100874,8
25052,8
56567,8
19862,9
96061,9
93118,8
12606,10
78621,9
19693,8
50248,9
66834,10
93579,9
70057,8
1317,7
50959,8
88321,8
79236,8
16506,8
100519,9
29833,11
49882,10
2314,8
55306,8
667,11
70862,9
22718,8
32376,11
26287,8
10260,8
42670,7
86759,8
522,9
89953,9
95620,11
43075,9
58394,5
9106,8
95823,11
51608,8
67931,9
4818,8
20208,11
90372,8
86985,8
55265,10
41745,7
96019,8
40043,8
17191,9
31328,8
55735,11
71371,8
97679,11
4565,5
73875,10
103633,9
92259,6
39066,8
82676,11
73082,5
59512,8
52889,8
97899,8
17803,9
73015,7
87461,9
90895,8
88260,9
85297,3
72584,8
25130,8
92707,9
10979,7
41669,11
18497,8
7483,7
32674,8
48333,10
42570,9
49456,8
69841,9
86930,11
41215,5
99315,8
58885,8
88506,9
29351,9
56668,11
8528,11
93303,7
56210,8
25762,8
36931,11
65235,8
52767,8
52046,5
68103,4
98725,5
99655,8
34452,9
18516,8
60938,5
89265,8
65030,8
20433,5
88216,11
91379,11
84034,5
95586,9
81571,9
34026,10
51188,8
100040,5
87378,8
56107,9
83568,9
70373,8
82787,11
79515,5
6734,8
54594,8
59794,11
31135,11
99870,8
14575,8
45583,9
87413,9
2865,5
5884,6
101126,8
99387,5
20907,8
89757,8
40869,9
65694,8
96682,11
26809,9
100777,3
67596,8
98120,9
91208,11
99671,8
46831,10
55727,9
13909,4
68525,8
46148,5
90307,9
18965,9
32963,9
26770,7
18877,8
85261,5
89323,9
90750,8
99963,8
63237,9
47302,8
71653,5
87833,9
3622,8
70544,8
84414,11
23384,8
36495,10
17274,8
14711,5
96186,8
8016,8
24955,8
77238,9
81270,3
99688,8
46301,5
88735,10
49402,11
40189,5
14081,8
37391,9
13961,8
21322,9
43437,7
96863,11
19158,10
60128,9
17715,9
30,10
32388,9
33641,11
36474,8
68081,9
88147,10
26051,5
95756,7
72180,5
81609,10
62308,9
97129,11
43455,10
96496,5
92603,9
40701,8
92933,9
43238,9
90568,8
87661,8
65320,10
14552,11
82737,9
34382,9
32848,6
100635,11
11307,8
55948,11
94997,7
87359,10
27763,7
13665,9
32115,7
10798,9
6348,9
39386,7
28309,10
33202,8
96889,5
50869,8
72991,9
85078,8
45510,10
70039,10
34473,10
91898,8
17255,11
41863,8
51568,8
13493,6
3586,9
21886,8
27787,11
61008,8
4093,11
74156,7
80195,8
32765,8
58836,9
58882,9
50085,9
16319,9
36035,7
60953,9
86377,8
25872,9
95732,8
52887,5
87753,6
77928,9
21252,9
41277,3
27540,9
94002,6
11921,8
20659,9
53203,9
42594,9
51487,6
24541,9
35511,8
19906,3
84636,7
45192,11
79724,9
50167,6
50726,8
22734,9
68688,9
88543,7
39496,11
79750,5
31861,9
28553,6
93702,7
2318,9
80619,8
9274,5
57573,8
43497,9
32370,8
36842,9
68293,9
6195,8
20458,7
84028,8
85896,5
623,9
98545,9
91828,11
39154,8
37106,6
19106,8
41571,10
1657,11
77805,9
90426,9
36590,8
85410,11
19299,11
17756,8
29109,9
51783,8
8591,8
13776,10
73814,9
45555,8
80672,9
95562,9
10566,8
91116,8
79259,8
84760,8
56506,8
47352,5
68580,10
79302,9
36168,10
51843,9
78420,9
80990,9
85637,8
26208,9
60560,8
6325,8
42545,8
23510,9
72910,9
100141,8
54225,8
61363,2
19710,6
40073,11
83191,9
87325,8
7242,9
97700,8
19617,9
27780,8
85081,8
47900,8
22080,10
83469,9
7622,8
60973,8
86062,11
58273,9
81424,5
97259,8
37355,8
79195,10
63869,9
79686,5
87013,10
90002,8
29818,5
61473,10
92041,3
63838,8
96661,10
59019,5
42772,5
63265,9
82687,8
7964,8
42193,9
18850,9
80483,5
52598,8
92256,8
98191,8
88154,5
61002,9
24666,10
56255,9
44799,9
94430,11
71370,10
61553,9
99254,8
28108,9
74032,8
11278,10
95794,5
78616,8
66840,5
22203,8
15569,9
70374,5
64382,9
86844,8
86141,9
19640,8
59486,9
18859,10
4642,8
28946,8
92543,8
11973,8
36897,9
94293,8
47992,7
99690,9
48535,5
79450,8
23731,10
49670,8
33317,8
24496,8
31077,8
24422,7
100251,10
102496,8
20437,8
39677,8
45309,10
39739,9
65207,9
59451,6
14516,8
74524,9
39522,9
71080,8
9480,9
77930,10
12913,9
93242,5
60160,8
441,8
80458,7
31353,7
82073,9
94021,8
58110,10
48351,9
45975,9
9945,8
35513,8
92635,7
93967,8
55665,9
56863,7
57360,11
86418,9
88160,5
19752,9
54454,8
29156,9
102835,9
81456,10
27970,8
89326,8
24793,7
24665,5
69933,9
44342,9
95381,8
61589,9
46705,9
74059,9
85573,9
102507,8
43932,10
96158,9
99499,9
38464,8
81743,8
102085,8
89015,11
195,5
76379,10
6388,11
32503,9
22307,9
58263,8
49164,9
90365,9
43905,8
79708,9
55172,5
28859,8
40442,3
695,11
43874,9
85206,5
12477,9
65504,8
102176,5
71002,11
1524,9
56745,9
50522,8
68521,9
95667,5
96248,11
77349,7
64700,8
103,8
46636,9
88068,9
96916,8
3523,10
25376,8
26441,8
30653,9
60084,10
95208,11
31605,8
50651,7
74711,7
92930,5
81962,6
15933,9
54104,9
35175,5
97447,11
3365,8
70994,7
96877,8
94735,9
78518,10
10458,8
51736,9
92366,7
6176,8
80635,9
94856,9
61151,9
74133,3
57033,10
55102,8
64114,5
77642,8
25123,9
78613,11
19894,11
93866,8
100783,5
9403,8
2983,10
87890,9
90030,11
8028,9
42029,9
96793,8
59255,10
47334,8
71652,9
39735,9
46449,7
2345,8
29376,10
17693,5
93043,9
99927,5
49709,11
69356,8
101062,11
97412,5
77108,8
97823,8
83384,9
8275,8
41257,10
4072,11
53927,8
88822,8
100852,11
40764,3
103182,9
28808,8
73528,5
43042,8
29158,9
11088,9
31715,8
64831,8
32660,8
51960,8
82121,8
40325,8
19200,11
54666,10
102429,6
48393,10
84789,8
36760,9
48455,6
95928,5
74304,5
57858,8
42983,11
37972,6
88456,10
74735,8
88831,10
24326,5
88439,8
66441,3
29893,9
77144,8
64379,8
10879,4
98364,8
61808,9
78025,8
42825,8
72245,9
100842,8
96279,8
2279,8
78990,9
17271,10
30480,5
56651,8
8259,8
64849,9
54348,9
76024,9
75065,8
20566,8
8695,8
78731,8
72338,8
5603,8
50168,9
18578,8
3484,7
96629,8
20354,5
51075,7
2651,9
86396,7
67779,8
83434,9
40774,8
49877,8
19397,9
50635,8
42262,9
86401,8
48638,9
15794,9
85686,9
85155,10
44293,9
22335,6
44923,3
59200,9
90475,11
2001,11
89712,9
87390,8
91194,7
54722,7
99743,8
41349,8
99329,8
54009,8
43397,8
90930,8
88245,11
18224,8
25795,6
16955,8
97169,8
61946,8
56779,8
3634,10
85229,8
94342,9
68903,10
5878,9
100776,6
75727,9
56772,9
75365,8
25551,9
93685,9
54570,8
74029,8
41185,8
87924,11
88747,9
76387,7
22711,8
17082,8
43036,8
82009,8
77703,9
204,6
50311,9
90621,11
4167,10
69910,5
12968,5
43757,9
96607,8
88483,8
89794,11
416,9
25708,7
25934,8
75226,8
58029,9
37169,8
62804,7
64974,8
100364,11
48667,5
53007,10
90656,9
49171,8
64320,9
25426,10
6084,11
84053,9
47040,6
20346,8
72851,11
82997,8
14826,7
36688,10
1897,11
1773,8
19731,9
11340,9
64204,11
17078,10
14902,8
42900,8
2293,9
51039,8
94965,5
73678,9
46517,8
33588,10
103435,10
76756,10
93574,10
76167,10
57422,5
34858,9
56406,3
23769,6
64691,9
95843,5
98799,8
58180,9
46666,9
26601,10
9967,8
26139,9
81726,8
61429,5
58014,9
30817,8
24226,9
5452,8
31451,11
41804,9
16483,10
90532,7
92244,5
72988,8
88051,9
100383,11
99685,8
89480,9
97543,11
29931,9
82646,9
73897,8
34274,9
39646,9
94412,8
87350,9
50600,9
65777,8
87842,9
57834,11
96209,9
21336,11
19918,5
42850,7
89616,11
61140,9
80713,3
103607,9
47531,8
80880,8
46887,8
85053,8
74676,9
88727,8
85798,7
83490,10
95785,10
79294,3
43222,8
78888,7
56916,6
43523,9
32124,8
33541,9
18093,9
65645,11
14231,8
15758,11
45314,9
63728,8
69481,9
32548,7
100726,9
31648,8
19652,10
88844,8
51503,9
58342,9
87917,9
83914,8
5192,8
59988,11
26114,8
63829,9
78305,6
29371,10
82823,9
64131,9
28573,8
1761,11
100727,10
56318,11
73122,9
19530,8
99271,8
1073,9
65903,7
28220,7
94219,10
62941,8
57068,8
87139,9
63529,3
74511,8
20520,9
72094,3
80062,9
79638,11
9318,8
50146,9
85356,9
99567,10
21456,7
58519,8
22099,9
26533,5
50281,5
100781,9
93981,7
64868,6
97080,8
101049,9
18122,10
10578,8
96166,9
91692,9
71694,5
35518,9
19416,9
44822,8
39204,8
85327,8
57980,10
95206,3
92539,9
97890,9
87274,7
96495,6
28566,11
90440,8
1380,9
828,10
1351,9
67146,7
37012,9
86998,8
82128,11
94177,9
83864,9
65616,8
26296,8
52199,6
79991,5
79879,10
88407,9
88208,8
100058,9
97125,10
90129,8
61709,8
91748,8
62616,11
33052,8
41774,7
6163,8
71337,11
14062,8
88854,11
99895,9
86746,5
62547,8
75462,9
16015,9
96435,9
89499,9
16072,8
100663,8
2996,8
89228,9
23260,9
100369,8
101912,9
58654,10
25659,8
23124,7
137,11
87414,8
78578,8
87845,6
239,8
3649,9
69339,9
34767,9
85545,3
61067,9
8202,9
96203,8
50803,10
14088,11
100946,8
7427,8
51910,4
94436,8
91563,8
22944,11
102834,9
2196,11
50170,6
56161,8
87476,11
95705,8
56085,9
6072,8
77206,5
6752,8
90493,4
13432,5
66924,5
86954,11
46363,8
46171,6
88296,7
99523,9
70790,8
41119,9
79486,10
76980,9
92461,9
87320,3
71951,8
56435,8
96366,8
71886,11
59673,8
95220,11
87861,5
45326,9
78545,8
58318,8
17836,10
85504,7
79549,8
86422,8
91034,10
25395,9
16408,11
78830,9
50608,8
99932,9
90252,11
29887,11
1154,8
67483,8
84009,7
88973,9
57789,8
58009,7
89873,9
88313,8
7016,8
41767,8
61774,8
19697,3
55090,10
18810,9
102459,8
88426,8
28993,5
90855,8
92114,9
10372,4
103104,8
96545,9
102147,9
97996,8
71130,9
45260,7
26147,8
45659,9
22883,9
61035,9
8754,8
19813,9
50935,11
2154,9
74892,10
45844,9
70948,8
71010,5
48838,11
100655,11
44884,5
4171,10
66202,8
83514,9
76450,5
90328,8
8008,8
86580,5
38771,8
8857,8
15332,10
99075,11
8374,9
57625,10
83385,5
73102,9
19465,9
11480,8
19288,8
16666,8
80724,8
17448,8
69221,8
82842,8
8852,8
99620,9
66404,8
55831,8
17547,8
29521,8
103510,8
42115,9
35611,5
97411,10
47583,3
52679,10
80674,8
85935,6
84322,9
99787,8
87001,8
84086,10
40923,8
79736,9
46748,9
78454,10
100942,8
51209,9
31338,11
8812,4
40859,9
12248,8
36008,8
50551,9
68995,8
29792,8
90301,8
89843,8
85144,8
53146,9
34608,8
73136,5
62222,9
98283,8
71795,9
44200,9
70410,8
54498,8
78509,8
103082,8
17038,9
44976,8
13737,9
94025,8
9932,9
88277,8
98514,9
52121,4
21670,10
96627,8
65567,11
6573,8
69594,9
45197,5
83470,11
29218,9
64539,9
4892,9
89145,8
88511,3
23831,9
76535,8
69478,9
59106,8
11018,9
26972,10
29183,7
91676,7
84108,8
25339,8
49699,9
94695,11
43709,7
27810,11
96754,9
8950,9
87148,8
20311,8
45470,5
89345,11
19006,9
89246,7
47133,9
25689,8
17579,8
7270,8
89160,8
89207,8
100215,9
55078,5
92514,7
57892,8
72729,9
94206,8
93342,9
56148,9
3057,8
25036,8
54083,9
83593,5
18526,9
8500,8
1820,9
71503,9
99951,8
71798,8
70048,7
10503,9
1331,8
2970,5
95420,5
68007,10
91346,5
77423,5
39160,5
54725,8
77183,5
47506,9
39520,9
39726,9
35934,11
82754,9
90356,8
94851,10
2352,11
79729,8
4729,8
85622,8
14019,8
83746,8
45824,11
10402,11
45925,8
72663,8
25536,8
6786,8
38572,8
19475,7
95166,9
98232,11
69914,9
88944,9
1348,9
95738,3
21062,8
55166,8
96564,5
28399,7
51889,8
89370,9
38841,6
96938,10
67917,8
99712,8
80098,8
50518,9
80350,9
63992,8
76519,8
96230,10
59758,8
50237,8
97467,6
94212,3
87008,7
17585,8
77476,8
82790,8
46680,8
65829,0
2273,8
70786,9
70371,5
77357,8
15940,7
33337,4
34655,10
71221,8
9889,10
5648,8
43519,8
19325,9
93959,7
92495,9
97191,10
18139,9
94475,8
76490,8
99741,8
63260,8
62139,10
18878,9
25155,8
1449,5
96901,8
56058,8
86408,9
80602,8
87922,9
94818,8
74688,8
46404,9
48348,8
39809,9
31940,8
2760,8
89089,8
7551,5
30405,5
40590,5
27830,9
85232,9
98499,11
5678,11
35707,5
47636,9
62957,8
78717,10
59004,9
8781,10
2902,9
60311,9
15943,5
6519,9
66434,9
85205,9
91810,9
6947,8
62579,11
84706,8
71255,11
13928,8
54274,8
53827,5
96909,8
68200,5
92742,5
61540,7
10427,8
36153,8
89152,5
75304,9
39620,10
87666,9
31006,9
72469,8
20066,9
95140,9
37393,8
9204,8
53652,5
59154,8
93567,9
6292,8
52663,3
58944,7
72929,10
13021,2
19167,10
20529,8
30758,9
9776,7
85832,9
87709,8
61263,9
20101,9
81409,5
64916,11
21808,10
23789,9
43902,11
24130,8
1091,10
77471,8
98420,5
66224,9
72907,9
93841,5
527,9
40480,8
35860,7
94225,8
86812,9
71345,9
11523,8
3929,11
30789,9
30667,11
26324,10
75469,10
87137,9
58229,8
64454,11
1400,8
8489,8
12841,9
19067,11
81261,8
21801,8
13669,9
29736,7
73614,11
89547,9
13209,8
39507,8
46068,9
94028,7
54469,11
86716,11
33008,5
79611,10
36155,8
36722,8
60752,11
83535,9
13372,9
91844,10
47815,9
12819,5
10726,9
40519,8
76447,9
6019,8
94772,8
4118,10
24601,8
46765,10
87057,10
32702,8
50002,8
712,9
23140,9
14278,9
70036,9
7728,8
99208,8
98676,6
59273,11
48411,5
61945,9
102095,9
16691,11
19501,8
55161,6
80453,8
14992,8
45026,9
63215,8
49296,8
44385,7
38844,9
88890,7
30862,6
73655,10
38141,8
94493,9
90601,8
84918,8
7207,9
20693,8
58559,11
20461,7
91130,8
69040,9
66772,7
85072,8
84156,11
94651,9
58002,8
44059,9
29992,8
101865,5
34280,9
36288,7
70227,10
24228,9
32811,11
83684,8
2680,3
97192,8
33101,9
65308,8
21871,5
89939,9
29839,8
52750,9
36285,9
49573,7
29762,9
58357,8
51392,9
76957,10
75813,8
99882,10
43051,6
29353,8
59947,9
38622,5
54774,11
99808,8
92070,11
49533,7
17265,9
14599,9
78663,3
91357,3
14893,8
83477,9
87597,8
79839,8
95075,6
89291,8
101004,9
42277,5
18884,11
88380,8
93872,9
87191,9
35179,11
29282,8
45666,11
102207,8
64873,5
102705,5
79947,6
36037,5
77189,9
16949,9
42884,8
69585,8
38311,6
93725,7
64405,11
64302,3
13799,9
90743,8
1481,8
4804,6
88072,8
86595,9
93984,10
90832,8
85792,9
89959,10
72258,11
31414,8
97690,11
77508,9
71408,9
70785,9
92032,9
88385,5
71133,9
97944,8
88519,6
87641,5
92403,8
14094,9
19914,9
72170,11
10344,10
54785,9
41653,9
12286,11
15754,5
4569,3
69781,7
18054,8
62336,10
28294,11
89919,8
19180,8
85702,7
2361,8
97128,8
62476,9
78538,7
69254,9
34423,8
89368,8
43859,8
52558,9
48092,10
60693,9
68807,10
3594,7
62195,9
73555,8
68635,3
34225,8
57392,8
83671,7
65220,11
93829,5
77547,8
6190,9
63993,5
9989,9
95765,8
87323,5
57981,9
79608,7
39873,8
12813,9
33394,9
75950,10
4291,10
77837,11
103344,7
34573,9
57743,9
29710,8
63962,5
93151,11
71326,9
78969,8
17884,11
63990,8
91189,9
39923,8
595,8
78928,9
46704,9
53426,7
45827,7
57071,8
39857,8
30794,8
75166,8
78806,5
737,9
1037,10
3863,10
32704,5
57568,9
58089,7
78367,8
48032,8
71972,8
10307,3
24211,9
90421,9
86692,9
81896,9
66007,8
13792,10
22543,11
86038,9
64340,9
99500,9
99676,8
61844,9
88866,8
38720,8
81303,9
6661,11
69915,8
22953,9
27915,9
45238,5
26024,5
4231,10
23810,8
33324,9
30700,10
97660,8
64744,9
96085,8
59521,9
29168,8
42,5
74020,8
46553,9
94779,8
89039,5
70049,8
83108,7
97757,8
87479,8
88479,9
40921,9
26808,5
21497,5
25255,10
75134,8
33322,9
36054,8
36410,10
90367,5
95788,5
85564,8
35794,11
28794,8
35740,9
15974,8
84994,8
91350,8
48863,5
73400,10
20279,7
10136,8
77996,9
92260,9
57849,10
34544,8
89442,10
11788,9
77945,9
87829,8
71633,9
3760,8
12712,8
30715,9
88823,9
94006,8
56771,10
34517,5
76222,8
62382,8
98324,8
86803,11
294,9
90636,10
36705,9
93761,5
11346,9
48859,5
67174,11
87019,7
14268,9
86797,6
103550,9
64968,8
61481,8
75376,9
91104,6
91138,8
80443,5
19940,10
88867,8
59366,8
13098,9
57604,9
69652,9
65132,8
74342,8
16308,5
44347,11
9556,7
94519,8
80418,8
102612,5
87078,10
103259,10
69353,5
38867,9
84594,5
39134,8
82015,8
21593,8
6514,9
11964,8
74450,11
35795,8
984,9
97321,8
96433,9
83479,9
63540,8
56958,7
22303,7
36324,7
406,8
59115,9
90465,8
80365,8
61834,10
32547,9
32832,8
103398,10
54991,8
67291,11
47267,9
10595,11
62133,10
52613,11
69322,9
87345,8
62491,8
36905,5
73734,8
96606,8
75760,9
37475,8
816,11
2061,11
29519,7
95417,8
25068,8
69620,7
87275,10
89641,8
73145,9
9678,8
58630,10
32694,3
94161,5
74835,9
28071,9
9518,6
60126,11
79695,8
40668,8
56195,8
91882,9
62121,5
79808,5
80554,5
47041,9
9561,6
16445,8
28551,11
84593,10
99987,7
85302,9
82492,8
70009,3
65745,5
58453,9
96643,9
18885,9
80716,11
33188,8
97610,9
57666,8
52418,8
100765,9
36320,9
12836,9
49720,8
94054,9
6978,8
25284,10
64078,11
24624,8
14052,11
73198,8
55664,8
11496,8
96947,11
94702,9
95434,7
90366,7
63091,10
62564,8
90577,5
85199,11
6071,8
97727,9
45,9
88789,8
66366,9
54411,11
3709,8
26708,8
82827,11
92249,9
99652,8
47979,11
45342,10
10677,8
88286,11
45028,7
65340,9
11426,10
83926,9
66959,8
76194,10
12443,9
8890,8
74855,8
11355,8
28152,8
57273,8
59493,8
91177,5
96942,8
65811,8
84401,11
36194,9
35556,8
101023,6
88446,11
14208,10
71438,8
26534,9
87482,8
63255,8
35645,9
51048,8
20339,8
57177,8
79095,9
2077,10
38822,7
91817,9
100095,8
77572,8
7285,5
96142,9
74746,7
54788,5
65475,5
21009,8
92079,8
65014,9
78099,8
86990,9
79698,9
74154,10
84844,9
100463,8
87736,9
33217,9
98697,8
72956,7
69557,11
59999,8
19733,8
79526,10
102313,8
101066,9
92782,9
12390,8
63024,5
88412,11
78856,11
4263,8
60564,8
100397,6
918,10
66976,5
50544,8
13143,9
26182,9
99192,8
7116,9
96577,5
22256,7
46013,5
91232,9
18627,9
52644,10
86613,9
90882,8
71983,9
46896,9
7936,9
102739,8
66120,10
95915,8
53575,10
29882,8
29976,9
97743,9
39103,9
92785,11
12954,8
85059,8
84556,11
56872,9
74319,9
100388,9
24036,5
52809,7
48169,5
84539,9
58072,8
67393,8
75700,8
2025,5
4910,8
86503,6
86784,8
40459,8
88430,8
22630,8
8564,7
74355,8
72784,10
49765,5
90357,7
60707,8
60772,9
36594,8
91416,9
13858,9
37500,8
88732,8
91148,8
64177,9
90942,8
18513,3
42155,5
64891,9
69355,10
31039,9
84855,6
60646,8
34852,10
69707,8
4199,10
85033,5
19577,8
43334,10
52524,10
15084,8
99678,6
11002,9
63034,9
9958,9
35191,8
103460,10
43324,5
31962,9
29066,9
82928,10
35298,11
71524,9
15101,10
44533,8
60143,11
42946,9
72465,5
69090,8
27927,7
28631,9
20940,9
73036,10
85485,8
81325,8
87934,7
61766,7
79263,5
10891,5
40176,10
100434,11
33682,9
57180,8
62392,9
91201,8
56021,8
48290,9
97228,10
97371,8
70810,7
67555,11
57502,9
47092,8
45015,11
53021,9
59317,8
79986,8
72482,9
15839,8
53538,9
83837,9
35174,5
83389,8
94869,5
92820,8
10907,10
58489,8
69908,5
14057,8
3089,9
7059,10
57219,9
65776,9
69169,7
90666,10
69418,10
80859,9
61195,9
37205,9
46367,8
54715,8
79448,11
32312,9
4848,7
25103,3
93538,8
86765,9
102579,8
42185,7
30463,5
92935,9
20136,8
83622,9
86055,8
99824,7
79872,8
17990,9
4785,8
36792,9
85744,8
94881,8
42258,8
98423,8
81131,4
58086,9
86352,8
97658,9
31243,5
51483,5
98322,8
58782,7
88826,11
62844,10
90634,4
7304,9
68865,8
34577,10
79056,8
75417,8
95354,7
50171,9
30164,9
30727,9
34498,10
93748,9
102813,5
62471,11
89278,9
66039,8
98236,5
30658,9
57608,9
16587,5
61533,8
17814,5
24703,5
43851,8
85527,9
46967,3
68551,8
95998,8
18880,9
33839,8
18563,8
25435,8
84269,9
59238,11
52854,8
71699,9
93356,8
61755,9
54949,8
90480,8
26401,9
83525,7
55620,10
26776,9
86466,8
29735,9
42318,8
69990,10
97370,9
10839,8
55377,9
54089,9
32230,9
77916,9
55902,11
94368,8
19833,8
7858,8
57798,9
30308,5
40399,8
46293,8
13369,6
24347,8
34607,9
63770,9
48065,9
46708,8
13985,7
8350,8
76497,9
78469,7
82442,8
10994,9
93343,9
92828,8
95444,8
65915,9
5016,8
58778,8
96016,11
71165,5
10131,8
89533,9
86890,10
87209,9
32426,9
44959,8
6967,9
74794,9
92415,9
40822,8
59432,7
6264,9
84238,9
30723,8
52726,9
60870,10
92228,9
49838,9
55532,5
102376,9
81082,8
50128,9
90126,7
11201,8
12210,11
14346,11
70150,11
17992,8
77671,6
86904,11
53775,4
16537,7
91309,9
55984,9
88438,7
70686,8
37989,9
86760,8
60250,9
72294,8
86538,8
64018,8
97030,9
90068,5
94669,8
97626,11
2985,5
76437,7
41386,9
3679,10
88246,9
82962,8
96211,8
20441,7
87824,3
11792,7
54839,5
65241,8
54617,8
102166,10
32387,11
43844,9
47115,11
8462,9
87807,7
95130,9
3914,10
91057,8
44354,8
48334,9
96371,7
78147,8
103345,6
80891,7
819,8
5679,8
35758,8
4222,10
47232,8
18718,8
96785,9
81425,10
1163,9
79660,8
83981,8
76733,10
15996,11
7863,8
66939,8
41115,7
79176,10
88871,8
82092,8
72761,8
89883,7
39996,3
96701,8
91097,3
8921,9
102075,10
25421,9
97908,8
76272,8
97168,10
97978,11
11417,5
42111,9
376,8
59245,9
80983,8
84819,9
89366,9
72317,5
7305,5
29506,11
15659,7
86343,8
68884,8
89866,5
75934,5
40707,8
20482,8
14999,9
15269,7
78146,11
23332,9
64309,8
70684,8
27009,9
43450,7
97641,9
89935,8
96888,8
3098,9
52985,8
101071,9
27633,8
68125,7
93078,9
4150,8
6539,11
14744,8
90962,10
78766,8
18261,9
37932,8
87657,9
87198,8
70951,9
96260,10
23761,9
90384,3
56726,9
18807,11
97869,5
11567,10
3993,11
6789,9
48166,6
36271,3
95787,11
4414,11
24499,11
10621,8
54814,11
75848,5
37138,5
93386,11
73559,8
45379,10
49542,9
80648,8
1196,8
83640,8
1465,9
85355,9
88218,5
80887,5
46145,8
21011,5
65179,9
61936,11
78656,9
26569,9
85808,9
100804,8
84410,11
17801,8
29175,9
92018,8
89666,8
85438,8
3407,8
6231,9
4151,8
70307,8
96674,11
20719,8
84839,5
12825,9
85277,11
45615,8
55323,9
97089,5
67792,5
90645,8
84319,9
85596,10
65488,3
13201,8
80703,9
25772,8
45691,7
14046,8
34201,8
87834,9
12064,8
49380,8
83116,8
18256,7
62726,8
63581,8
84418,10
52694,8
63541,8
96780,11
69760,9
85185,9
93730,8
79000,11
79643,9
66342,8
8203,8
59685,11
57709,11
85723,8
97376,8
69977,11
90090,8
93575,9
82165,9
85865,6
35242,8
63988,9
10569,8
47363,8
48395,7
62626,9
77375,8
19848,9
46169,6
50187,8
97449,8
48198,5
1378,9
29632,10
26991,8
74687,8
68817,8
74882,6
82483,9
101988,9
55680,8
5122,8
21052,8
59712,8
65761,8
38002,6
65435,8
51945,6
41567,9
88828,8
84900,8
86999,6
36412,8
31375,8
47799,9
91710,8
99388,9
64893,10
77020,10
41181,5
86925,8
59954,9
9909,8
76640,5
78393,11
2396,9
86411,8
12382,8
29384,8
19422,8
102179,7
91659,9
87281,8
91159,9
55949,8
17588,5
33218,9
5322,8
41262,8
103366,10
62253,8
78189,7
72388,6
96866,9
2826,5
68116,8
87629,9
88671,8
87442,9
17043,8
88746,8
57215,5
96920,9
98529,10
87556,9
2044,9
11853,8
23483,9
90102,9
88193,5
1081,9
82734,9
54238,3
16400,9
51623,8
62474,5
100219,8
26856,3
97536,10
72503,9
69178,7
86559,7
24725,8
85082,9
68457,8
11894,5
76604,8
61237,10
21442,8
70258,9
6600,8
94505,10
22440,9
12676,7
92478,9
44150,9
84247,8
95867,10
12925,8
82746,9
98430,8
25196,8
17412,9
3322,7
62167,8
3042,8
35483,9
993,9
79711,10
27983,9
66531,10
74876,9
79735,8
4637,7
22423,8
84887,9
39938,11
40865,5
63641,9
95336,7
14761,8
60380,8
92242,5
89229,9
96405,8
58149,8
40571,11
47525,11
86722,7
88653,8
51361,5
43650,8
87219,9
101884,8
94384,8
91961,5
8476,8
1446,8
72486,5
8931,3
42158,10
17280,8
35391,9
7909,9
6602,8
84542,8
41850,8
74932,8
79650,10
51513,8
56241,8
5716,9
93723,7
98633,6
58500,8
43576,11
58621,8
65078,9
56873,10
70837,8
24730,9
41121,9
38490,5
67008,5
86637,8
92755,8
88026,9
22946,8
31346,8
50371,9
40676,8
44266,10
91532,9
49652,7
49673,9
65477,8
91508,5
100497,8
67992,11
100652,7
91007,8
55624,9
45076,9
37787,8
53412,9
95899,9
88551,9
51774,5
58765,9
73971,11
78336,10
96015,11
1870,8
23342,11
81613,8
29058,7
12536,8
7206,9
67489,8
76389,9
16917,9
10437,10
72024,11
15890,9
96204,8
42729,5
44764,9
2762,11
82757,9
53460,3
57059,9
98425,8
17664,8
81133,8
27820,5
44490,8
74871,8
3892,10
32335,7
102078,7
19638,8
23161,7
96174,7
92629,8
86988,5
32665,6
21909,8
60853,8
94070,11
99969,9
36763,5
78975,8
801,6
61154,8
70667,3
50677,8
86174,9
35289,8
85767,7
67723,9
87234,9
79262,8
15522,9
57644,9
61274,8
66394,6
17687,7
45266,9
90796,8
97608,7
74521,8
6369,5
65131,9
34722,9
25075,9
48048,7
45457,8
35631,9
15366,8
9509,8
77778,8
73075,10
19569,11
88003,8
86762,8
4314,8
56146,9
18410,9
71927,11
75896,8
61787,10
12761,11
61817,8
79316,7
78345,11
89980,9
66768,9
51652,8
88643,9
93861,9
90412,5
30233,9
39716,8
63597,10
61838,9
28145,11
100517,8
71578,9
15093,10
34231,8
85382,11
103429,10
61482,6
47805,6
80649,5
82792,9
69535,9
70022,9
102004,10
43118,11
39448,10
20816,9
88421,7
92453,9
29329,8
45784,9
59091,8
92375,8
62354,5
41100,9
44896,9
25754,7
32262,8
12288,7
55828,8
18686,8
94680,8
76526,9
48265,8
47807,8
97358,8
21796,8
80457,11
17227,8
14387,7
87259,8
16484,3
75470,9
62185,8
67522,5
38392,11
80112,8
96886,5
375,11
97501,8
86524,8
19377,11
89117,8
33535,8
88778,9
99314,10
82671,9
91883,9
90734,10
50260,8
30435,8
74767,9
92303,8
30886,8
71837,8
81318,8
67298,5
88346,10
36117,8
40831,8
60905,9
92174,11
29562,8
90395,9
2751,8
85119,9
87379,9
8092,5
102081,9
74543,7
64732,8
48915,8
101125,8
358,9
50641,8
94710,10
67564,8
98796,11
71878,8
84454,11
85588,9
92386,8
28766,9
163,10
92841,5
10070,7
28396,9
100502,11
88024,8
74307,8
38302,5
65350,8
89525,9
46769,10
29989,8
61603,3
90264,8
63689,9
28418,8
41443,8
48158,11
90817,9
88471,8
11778,6
42788,5
98950,9
43307,9
88192,8
103324,9
41140,8
30532,5
78535,9
6098,9
19371,9
72492,10
94135,9
46201,7
81971,5
66151,9
14299,7
67378,8
95184,8
79462,8
57523,11
12961,9
89979,11
91590,9
4383,8
92090,8
46172,9
38649,7
47883,9
42811,9
84488,11
66172,9
52476,8
52449,9
35854,10
96605,10
79138,9
53555,8
89284,5
39064,9
38806,8
95591,7
32155,8
77989,9
10388,8
19265,9
35416,8
58515,7
85458,9
5237,9
90759,5
4495,7
79786,7
22388,9
78474,8
88146,10
91998,8
88102,9
38389,3
40975,5
65960,10
94414,5
52178,10
12269,10
94876,11
93525,9
91575,7
32954,8
79098,8
16346,9
30203,9
33960,8
83669,8
63614,11
6717,8
56272,8
53072,8
55047,11
54987,8
59729,10
28350,9
96205,5
54387,10
86582,5
88045,3
83431,5
91087,10
69740,8
66497,10
19440,11
66797,0
30417,8
102036,8
88912,8
85005,7
3601,9
58560,8
26501,10
97760,8
89421,9
35622,9
102909,9
28667,5
74174,8
61900,7
84243,7
65773,9
29898,11
7055,5
87743,11
29252,8
49253,8
28866,9
99340,8
2978,8
86976,9
89912,5
87407,6
94445,9
23726,8
94452,7
17351,10
69891,9
73665,5
50547,10
72996,9
65405,9
47402,9
26238,5
94165,10
19445,9
89941,9
77520,7
88716,7
2417,9
60296,10
87287,9
102710,5
33005,10
94574,9
29968,5
75183,8
36315,8
30684,8
80872,5
39396,3
24042,8
9896,8
18633,7
51869,10
12056,10
75264,10
11367,8
84623,8
38658,8
86552,11
76248,8
74162,8
64942,8
63470,10
87768,8
44635,10
76514,10
98923,9
47019,8
76081,8
83048,8
85346,11
85251,9
94453,10
98185,5
103224,5
39870,9
51256,8
13266,9
11713,8
47308,9
89142,8
15736,6
23388,8
90105,8
88371,9
30799,10
7450,8
11057,9
20900,11
94556,9
74531,8
79624,8
88044,9
11770,8
57737,8
39858,8
39252,9
73030,10
66334,8
27793,9
98148,8
85551,11
93414,8
42199,6
15625,9
99697,9
75954,7
53561,8
48865,9
35967,8
49923,9
61529,8
99045,8
83813,8
59324,8
66532,10
65084,9
63893,10
67760,7
69617,9
51810,4
72855,8
20209,9
84290,8
13845,10
36082,10
84241,8
40820,10
94971,9
3396,8
5079,9
59810,10
15513,9
70396,5
27839,5
30411,8
3905,9
23629,8
30851,7
74050,8
61174,9
43641,5
75193,8
15486,9
69126,8
83703,5
57978,9
100429,5
45371,9
29970,5
39311,5
33741,9
98873,9
86232,8
100412,8
13969,9
88986,6
92825,8
102302,8
39369,7
100996,10
80825,5
55508,5
40570,5
53672,6
85389,5
64183,3
101018,8
37994,9
23416,8
62485,7
267,8
19520,11
64084,9
29841,10
72044,5
54475,5
102088,5
6987,9
56405,9
29035,9
26113,8
12637,2
90373,8
16713,9
50470,9
24049,6
34520,8
63274,9
43124,8
36007,8
32709,9
36913,9
93003,7
39028,9
26654,9
87227,5
79838,8
62858,9
59080,8
26507,9
3660,9
49842,8
57069,10
90088,9
99797,5
53147,7
3209,7
45558,8
29625,5
71744,10
66680,8
74537,11
81438,11
58203,5
38782,9
53408,11
25203,11
5871,8
560,9
86947,10
76737,8
5898,8
1451,10
41172,8
87939,9
33278,5
5416,8
82001,11
103507,8
65820,9
31209,8
71941,5
21437,5
95044,8
85834,8
34801,10
40428,9
58200,10
101204,8
58370,10
91004,10
14357,9
77203,10
23303,8
34076,11
84904,8
62467,2
92455,7
16751,9
11103,8
102240,6
36417,9
40338,9
91188,8
10338,8
92942,9
72445,7
69719,8
21438,2
70901,10
35260,9
4168,10
71211,5
52395,9
34706,9
31008,8
3682,8
92190,8
79395,9
38573,8
80839,8
3522,10
35404,8
1265,9
78632,8
35588,9
85526,8
9472,10
50169,9
8573,8
45183,9
102806,7
72488,9
11802,10
97,8
38758,5
37247,5
52805,9
33401,6
86193,9
95008,7
88721,9
83567,8
92838,9
99427,5
87513,8
35073,8
42173,8
94498,11
96370,8
22867,8
82949,9
88884,8
62730,10
82526,9
74670,9
94980,8
100404,9
46775,8
33948,10
50056,9
88965,10
9708,8
26071,8
3653,8
56828,8
82370,10
16602,9
102954,9
90043,9
10274,5
99798,8
47110,9
64904,5
90760,9
85598,9
77980,7
96256,8
85508,9
68609,5
45951,5
13126,9
32172,8
43293,9
95064,8
87434,8
48658,8
61928,8
32090,8
60009,9
90314,8
87518,8
11075,8
19386,8
45644,9
100293,8
97699,9
89653,9
37107,10
57372,9
62141,8
17356,7
27849,8
5301,9
41663,9
11607,11
87218,8
62731,8
65079,9
59648,8
13078,9
102052,6
55403,5
89356,8
85099,8
66352,8
98816,7
90997,8
28437,8
94258,11
31309,10
100110,9
81525,9
31334,8
403,8
94422,5
91270,5
68274,8
47748,11
92290,11
37457,9
68720,11
51199,3
71634,8
70933,8
85348,8
2676,8
20213,9
55168,9
55128,10
27625,8
79908,8
14398,8
93422,7
67059,8
40408,10
39039,5
36954,9
90212,8
81011,9
102858,11
100499,11
954,7
10636,8
80495,8
19765,9
67629,8
99625,5
12855,8
100024,9
63325,8
68258,9
11054,9
87092,11
67576,9
92663,9
18069,8
83533,9
90680,8
102669,8
17137,8
70167,5
94316,8
88825,9
51139,8
84376,8
46167,11
49422,8
47314,8
13875,8
71015,8
20113,8
36088,11
91994,7
93936,8
55120,10
81504,5
3195,9
41537,7
99755,10
56057,8
3893,7
100393,8
95967,10
89817,8
44061,10
29286,8
21465,5
80320,11
71514,9
96280,8
62897,9
28383,8
4643,5
67334,8
90814,9
34515,10
88069,9
68733,9
68189,8
48839,7
84810,7
13300,8
81985,8
10245,8
59,9
89127,9
2292,9
23969,8
92526,10
3611,8
72550,8
98441,8
82554,9
81119,5
86173,9
35379,8
69242,8
15901,9
4881,11
22070,5
89699,9
43615,9
40673,11
91351,9
45078,8
96328,6
38705,8
86625,10
95333,8
8604,9
67774,8
55750,8
60667,8
86337,10
2486,8
5328,11
54917,8
7129,9
24689,10
20478,5
96424,8
21126,8
86085,8
80969,8
17768,8
29867,11
600,8
4596,8
80795,9
40284,8
78135,8
52288,9
87714,3
24460,11
90687,9
70216,5
34335,8
103289,11
93513,5
36202,8
78158,9
45284,5
32272,8
96766,8
26494,8
19950,10
97050,9
33981,8
64209,11
46140,9
99509,8
66975,9
50397,11
83688,5
103001,9
36840,8
2963,8
32347,9
47813,8
33549,5
75253,10
66646,8
82068,8
41290,9
97983,8
7476,8
50124,6
43297,8
5116,8
67329,11
69073,9
98719,10
63058,10
89802,9
47824,6
73012,11
3749,11
29590,9
735,8
76478,3
71041,9
76034,8
1542,9
60480,7
11238,9
56542,9
86675,9
26138,9
54289,5
5191,8
63895,5
97084,5
102925,7
70038,8
91360,8
68694,9
45478,8
50061,8
35359,8
5037,11
85102,8
96759,8
56558,9
91988,9
13296,6
35104,11
1933,5
75252,11
49382,5
38763,8
92974,11
60860,8
49137,8
55548,9
40948,7
61168,8
55721,10
60703,8
7065,8
70006,9
91249,5
75808,9
92592,9
75402,8
99110,8
62366,9
95375,9
82968,11
40657,9
59020,7
100342,11
68005,10
96027,9
665,11
29987,8
20751,8
5327,11
4507,8
90915,8
45835,7
46877,10
49459,9
78647,9
58358,7
32544,7
23120,8
73286,5
32339,8
76435,9
753,7
72947,8
93499,8
81598,6
58835,10
54947,5
32049,8
73877,8
48929,9
46730,8
75647,8
29631,8
29610,8
77033,10
35439,7
62237,9
2297,5
54275,7
93940,8
65663,9
25008,8
26063,9
73521,5
53017,9
59464,10
92061,9
68595,7
87076,5
72867,5
96520,11
10258,5
13057,8
64767,7
43130,10
37268,8
102672,8
102688,9
85373,9
62684,9
5601,8
100398,8
23744,8
77012,8
78683,9
93021,9
15369,8
29643,9
61930,10
9804,8
82807,7
11950,9
94110,5
5046,8
26413,8
63997,2
79331,11
70134,8
83675,8
64461,9
57492,10
97062,8
92419,9
61750,8
65893,9
56995,8
53563,11
14949,8
102260,8
95111,9
47680,11
33637,9
65261,8
85215,9
60626,5
89717,8
68423,9
86897,8
21072,8
65713,3
89628,5
35701,8
32860,7
37371,8
85524,10
89365,11
19331,8
64722,9
50422,9
34690,9
16140,9
89643,7
41111,8
66952,8
58880,8
41753,9
56930,9
86714,9
56044,9
65373,9
100982,11
8993,9
18654,9
16038,4
56577,11
25153,10
71992,9
81016,5
93640,11
79008,11
100582,8
248,9
78811,8
85628,11
23692,8
74454,8
96115,9
72291,9
51085,9
36342,9
33163,5
30506,8
61763,10
51271,8
102476,7
100348,9
86608,6
48747,8
80835,10
3444,2
29324,7
98794,8
61395,8
81135,9
26073,8
87143,9
78121,8
67271,9
19497,8
26128,9
45094,10
50142,8
11427,8
9579,5
55684,8
97987,8
35593,8
13567,8
96480,7
83846,10
37361,10
85602,9
39474,6
85662,9
72443,11
81376,8
61622,9
97427,8
19807,9
1191,8
2647,5
15289,8
96540,8
58409,9
90427,10
2038,7
2592,11
54733,11
81340,5
60822,9
14504,10
89280,8
64939,8
90211,10
41731,10
77867,9
6954,10
42184,3
53027,8
71583,8
23321,9
33854,11
43577,5
60513,8
43775,9
21450,5
88352,5
39800,5
100913,10
97904,9
61408,9
63876,8
96753,8
37981,7
79767,9
86830,9
94224,10
84627,9
73663,8
66359,9
45039,8
29627,10
77446,8
94252,9
68287,6
49271,10
58502,7
33810,9
70264,6
90675,6
100225,11
62708,9
98269,9
15434,9
22911,8
50234,9
55067,8
23855,8
53531,5
99761,7
64964,8
59618,8
44310,10
48471,8
42844,8
92991,11
42774,8
94089,5
95752,11
29649,4
49318,6
53308,10
91272,9
20515,9
69188,9
54768,9
81914,8
46884,5
55157,9
77668,8
15158,9
523,5
14354,8
91064,8
25926,9
93471,10
78788,9
64248,9
21646,10
87710,5
63243,8
80031,6
66780,8
79062,4
73863,8
1340,8
88806,9
34478,7
2267,9
94667,8
94268,9
32116,5
100669,10
34548,8
83061,9
37416,9
103194,6
83856,8
56708,9
87759,8
80260,11
19136,7
28356,5
44359,8
44178,9
74584,8
56399,10
15456,8
4621,8
7397,5
34034,8
14139,8
52590,9
93672,8
27678,10
25047,9
13005,8
71430,8
87524,5
14229,8
64311,7
46905,8
96275,3
25261,9
80626,10
27007,8
91705,8
33590,8
15895,8
96647,8
17794,9
24709,9
85391,9
85452,9
96839,8
97680,8
19624,9
59702,5
98392,9
12469,8
61922,11
64342,8
1826,8
85394,9
24032,9
102792,8
42491,8
52481,7
93221,8
95037,9
10964,5
18905,8
10597,8
60913,9
38290,10
100063,8
7918,9
13153,11
98837,5
74086,10
77433,9
65846,9
37944,11
42357,11
83531,6
84389,9
49803,8
40702,9
15810,8
37631,8
61685,9
60284,8
91778,8
76070,9
75657,9
50239,7
52505,5
67338,9
45920,9
92074,8
70813,5
78988,7
19763,5
8848,8
91949,8
74592,9
43493,6
31974,9
46809,6
72060,9
14141,9
23602,11
101960,5
3078,9
73297,8
19851,8
93466,9
84987,9
90762,9
49582,8
83728,9
64261,8
30376,3
5783,8
94871,5
79064,8
9145,10
78829,9
88017,11
76163,9
4240,10
12113,5
62907,8
98707,8
71893,9
82752,8
61625,8
16881,9
34568,9
100830,10
52279,8
101854,5
81163,8
94877,7
27067,3
28403,9
87977,9
29962,10
99422,9
88001,8
11936,9
65026,8
38329,8
90909,8
71137,3
3268,9
41831,8
99945,8
23357,5
7508,8
26703,9
82866,10
33181,9
85972,5
66588,7
25744,8
68142,8
43464,11
19658,8
28181,8
71762,11
55059,8
26227,7
27488,9
89457,8
102525,9
37023,8
3838,11
44735,8
98669,9
63211,9
61730,10
13359,8
8758,8
17776,11
93901,9
4506,8
96777,10
39947,9
84033,9
84149,8
91739,8
95693,10
26664,5
91393,10
64962,9
60810,8
57580,7
48748,9
97143,8
12074,3
80884,8
101176,7
32898,8
37254,9
51937,2
73270,9
91176,8
81360,8
94734,8
10041,6
8677,5
60644,9
37129,5
90893,9
30793,9
42272,5
45662,5
67719,10
65457,8
37566,5
17731,9
33507,8
61672,9
14419,11
65532,8
21318,9
99811,7
89388,8
2895,9
8736,6
75099,9
64826,11
8165,11
19011,8
87253,10
31729,11
89179,9
89183,8
89783,10
56973,9
96810,8
61630,10
10643,8
100445,11
91624,8
45042,11
95850,8
77855,9
56536,8
38527,8
54361,8
62163,8
1916,8
44739,8
10906,9
19614,9
73086,11
45505,8
81445,10
46440,9
86640,9
54857,8
50176,8
88635,3
3821,8
27396,7
77202,5
99908,5
84260,8
87570,9
60189,9
65487,6
52012,10
93969,9
90098,11
37678,10
58922,11
18216,6
102127,6
46295,10
58145,8
96700,9
25276,9
38772,8
10028,5
100719,9
7814,5
87647,9
43706,9
20169,9
56371,8
83780,8
87090,9
11723,5
19160,8
72927,8
33311,3
8513,8
17077,8
18259,10
65255,8
60246,9
3130,8
55662,8
85107,10
33070,9
40017,10
56441,9
23982,8
66862,8
44760,9
19098,6
76241,8
62130,8
63757,5
49491,9
11081,8
11879,8
89196,7
38709,8
100217,11
20432,8
17726,9
4255,10
86732,11
93906,9
28361,7
50892,9
72644,10
32879,5
89820,9
72059,9
69342,9
80058,8
54401,10
49926,8
58950,8
31734,9
15297,5
80646,9
58869,10
64359,5
59834,10
69566,11
49130,8
28080,8
88951,5
47986,7
56351,8
48055,10
73033,11
13573,8
69002,9
86314,10
81795,9
41813,9
82147,8
30355,8
9124,7
35358,8
38915,5
11724,10
71365,3
6875,9
97336,8
43958,9
46149,8
95552,8
54341,8
70594,9
11989,9
102930,3
59221,6
61916,8
48704,8
61320,9
14816,8
98505,11
15063,8
74456,9
83866,9
98493,7
50582,9
58241,9
88325,8
100700,9
83959,8
99936,8
54131,8
48594,9
90350,8
29098,11
12237,8
45136,9
16889,9
69234,11
27769,8
37526,8
85820,7
28883,9
46008,7
31172,11
87184,11
50197,11
22526,5
31977,9
11241,8
90903,9
66277,9
55773,9
102769,9
49190,10
62714,8
45047,9
91193,9
32721,9
55767,9
85772,8
23078,5
96080,9
99256,8
43457,7
41544,10
54773,3
61108,11
21817,8
41889,8
6594,8
30679,9
51293,8
40126,8
84658,9
100155,8
60464,5
991,10
39902,8
98169,5
26951,10
83664,11
49968,9
5274,9
99855,11
9384,9
45022,9
79446,2
97182,5
76689,11
1084,8
74646,9
8851,8
58058,5
20905,9
102466,8
24084,8
26626,11
91459,8
7166,3
90985,5
37651,8
86668,8
39760,9
81435,7
5154,5
75758,8
15997,7
41314,9
43890,6
89786,9
46388,7
2473,9
73057,10
94690,8
56173,7
62984,10
96711,8
33932,5
90434,9
28572,8
77329,9
35208,8
28512,5
42687,5
88370,9
82329,9
91405,6
32594,8
43637,11
66938,8
70093,9
67073,10
90510,9
7448,9
65705,3
58424,8
87049,8
90243,9
81326,10
47533,8
61329,7
48316,9
41323,8
17350,8
100322,7
75811,11
24621,5
2540,9
14016,9
64880,8
87891,9
96182,8
98276,8
80433,9
51397,9
76488,11
86944,9
86419,8
65120,9
67974,9
66023,9
81603,5
101923,10
51145,8
41832,8
99941,7
48644,9
77798,8
69508,9
80214,7
28863,9
20978,9
39586,9
72454,11
42781,11
97098,8
35034,8
82228,9
34236,8
80445,7
44848,9
79356,9
87141,11
46790,7
20085,11
92557,9
39428,9
2083,8
64021,8
57308,8
80048,10
90535,7
16580,10
79096,10
3104,5
71009,8
99293,5
80566,11
94863,3
190,7
49965,9
16878,7
71235,8
89174,8
94462,10
83341,9
41332,11
97056,8
59813,10
50820,8
90352,9
69497,7
672,9
48718,8
33998,8
59032,8
20065,8
101192,8
22844,9
14433,11
32364,8
11999,8
76148,8
18869,10
28973,9
84669,9
26175,5
29280,10
80357,7
38598,11
45066,6
73394,8
30512,9
84486,9
15897,9
35026,9
72752,10
29516,8
26288,5
7079,8
43068,3
36710,5
1222,5
13566,9
88283,8
37411,9
69627,8
91569,8
79542,9
51037,10
94928,11
59440,11
57181,9
96506,9
53201,6
67939,8
43912,6
93847,11
72402,8
41587,8
38441,9
28038,5
82236,9
74938,8
54370,9
30097,8
48014,8
96131,6
14151,9
38189,8
39977,11
76254,9
83927,8
60906,10
50514,8
57294,11
76712,10
102917,8
61020,7
53013,10
79664,9
23213,8
49705,9
30133,9
87646,9
2825,10
47043,10
81239,9
91253,10
88094,8
27168,9
71598,8
31737,9
37132,8
43725,11
95034,7
99707,8
76801,7
41243,7
22892,6
85489,5
67468,5
2441,9
86416,7
6627,8
88085,8
63432,8
93361,9
75913,9
49423,8
49944,9
98003,9
85204,5
65509,9
82146,9
98136,5
11903,8
26542,8
76651,7
48002,8
53438,8
17858,9
15393,8
20239,10
54109,10
69522,9
8600,5
91394,8
4930,8
38624,8
43806,9
77319,10
46688,9
85245,8
12501,8
76229,10
21051,8
100496,8
85655,9
59357,9
71317,11
96799,8
34119,7
72809,8
103075,3
76775,5
50618,9
91518,8
65982,10
68123,8
86654,9
18301,8
47106,9
25774,5
51365,9
15822,9
11246,11
29526,9
56983,9
46827,8
64335,9
100490,9
103122,9
43164,8
102715,9
32288,11
30312,9
56764,9
81852,7
14414,9
79245,5
16009,8
49183,8
20122,11
84112,9
43802,8
89898,8
13467,7
14460,5
2268,9
60086,11
99243,8
52945,8
14554,9
12446,10
4317,3
8189,9
20645,8
24524,9
83099,9
32600,3
75823,8
96960,9
9642,11
72295,9
98511,9
60266,9
31348,5
89713,9
50395,7
97814,9
98027,5
69063,8
19908,9
12661,9
87552,8
82007,10
40528,8
91536,9
45418,8
40890,11
88942,11
12521,9
90918,8
48538,11
89728,7
84814,11
58636,8
2511,9
1578,10
18083,6
55925,10
90542,7
84950,9
90684,8
58638,8
95507,8
37002,8
35841,8
71644,7
8072,8
60486,8
40373,9
31833,11
79090,10
37329,9
32321,8
32412,8
84314,8
79669,8
85685,10
39781,5
57616,9
51357,11
25943,6
36729,9
71770,9
5730,5
47103,9
90278,9
27177,8
93835,6
42124,5
83006,7
16076,9
61596,11
38910,6
307,8
4154,5
43755,9
92816,8
31096,9
34735,7
10707,8
81550,8
14227,6
24979,5
48532,8
73916,8
1650,5
14528,8
77040,7
10799,5
88971,8
31551,8
91203,9
24868,8
41558,9
58629,9
36587,10
25247,9
85023,8
29702,5
63444,9
42564,9
66961,10
17093,11
57728,8
97642,8
8049,9
34479,11
46461,8
71084,9
98527,7
70301,8
7316,9
6526,11
20017,7
13278,5
91056,8
17907,7
966,8
70569,8
44665,9
10474,9
64059,9
63182,10
82665,7
12337,8
92129,9
20271,11
60021,8
12202,8
6418,7
82170,7
97197,10
51036,8
32705,9
6303,11
31293,8
48939,8
90574,9
76138,8
71758,8
34195,6
100117,5
75227,8
20309,9
82325,5
87664,8
88819,8
22938,8
74708,10
20997,9
88550,8
98225,5
76633,9
98101,9
46491,10
75196,9
83407,10
103185,9
98406,8
47327,9
41875,9
36877,8
3373,9
83016,8
85651,8
28494,7
7831,9
5392,9
1347,10
35621,7
96524,9
73124,8
51802,5
79921,11
46115,11
89212,8
92502,8
72251,8
39846,5
99566,6
22037,9
57843,8
10296,8
15435,9
15290,8
98393,9
84779,8
96342,3
73112,8
12785,9
2391,11
81081,11
89923,7
24857,11
81337,5
70420,8
70166,9
88345,8
45740,9
83393,11
24626,10
59908,8
89479,10
14856,9
38507,7
58327,8
58959,9
52915,10
93791,7
59808,8
61931,9
51636,5
88018,8
24928,5
17367,5
11826,10
79242,10
3417,8
3121,5
39491,5
46957,2
29455,8
89162,8
52365,7
2063,9
89372,10
12758,8
4024,8
91849,8
33783,5
98862,8
99462,8
6530,8
